[X]:
43.15095454536748
38.29800575175382
37.05559960654536
24.76024671319158
7.323073577727074
18.347497500792837
3.9549851956488133
7.706544720955261
5.579751910911673
47.97380419184723
2.7404150039658512
27.656322439127646
2.147967994564887
44.543403244768
28.459431233427974
17.708448293022062
11.07985662375161
44.132174428714336
28.527834746276053
37.739160051151956
9.361891126871596
38.31019002576937
29.492983977940856
23.44291346563282
44.72928390065721
28.806357610836532
41.694130789467835
19.933974894322304
39.078251702932505
24.115673285446416
25.418111300698648
39.93013763066578
21.493137288450104
34.3286139876653
19.34326711056042
39.3267712137167
37.79079777098999
23.69190207719055
7.656797886439254
32.91350848059907
29.20348900196656
18.819980762244082
48.5304657738709
20.566976632062733
40.26496531600081
32.771885042835116
8.40130609313327
25.09612648442768
24.97966324926392
27.98720754439998
32.73791345330636
49.04552993287254
2.6939211399417573
1.7820089668361516
41.0618557294115
31.63119018542658
43.884480648395616
46.24575810891767
11.536672193687442
39.71463472743773
5.578611498648822
30.30917702476866
7.9498334951446425
0.5215362771876786
27.6387355655748
48.585629450795125
44.058054027916384
27.077734768479967
25.964416265913503
46.747419601962
2.5782286610768868
25.596668209940276
10.484362392864549
32.17338544738251
27.33328052457183
6.320718540718651
20.91592279886842
35.5374226261074
29.048570521433597
17.510179741689868
22.04625669583182
37.348476872960994
24.20416386799429
36.81251200087022
20.930657804180914
16.981187716600726
12.501215901495216
25.4758882268121
1.3057355435440343
5.8462706717735955
3.2591825551324174
47.340737995361344
13.367334163699724
11.79253796823278
0.9023372279410913
5.274220463142232
18.92556102253312
6.229417087477168
31.185110849386188
31.270878973203764
10.602220774892196
26.320752869492996
39.39896225264584
44.746434998370844
8.280965811986812
23.046245489984006
25.56799333282857
48.07826913988568
9.897008075783924
30.489267292543232
41.8417780151665
44.60546785960003
36.59945398891018
23.30277449528853
15.304393706893709
36.297717920479315
7.282879663884589
46.64222466463876
42.007288552547294
43.87910243470777
26.626254024811903
8.799503096527022
17.772080454708778
42.18447731286782
34.66352872208996
38.63282840777588
9.414688095524188
10.590200870333028
4.336369677300411
20.536992870956862
11.406369079216061
20.3706479203017
1.3966271031348287
7.17404892203653
37.758271644052066
20.258148882708372
45.84479357340072
31.828721506760548
29.810311183880334
21.688762878650465
31.680191200647407
37.27922687213248
22.5477737876098
24.54218687423404
19.561581921522457
14.205301425586725
29.364477353814895
40.19235658730264
30.204792109421753
15.17797845701111
3.5759725982782706
1.0243339325913592
41.063954713182596
13.971807980417928
30.263368433968584
1.6567092390855687
43.68052074203287
33.81189950680372
1.9016886108496112
38.80892910715806
13.432808955590293
48.73608383201133
46.630795358256776
33.757656486662384
20.608073838837782
2.1423256285606262
49.83744132654649
44.945217997416876
19.805481883586413
35.05071220530714
33.09579203202912
2.5263217071260557
48.94250963134687
13.106324750951426
22.227124554002152
41.06547201131852
20.289393422220936
13.91563344970007
34.565518841541845
43.76993864118499
7.86173487798913
20.137156106309057
41.65732593543458
36.375868118437616
2.660458962899548
36.35525403168786
40.58212046758287
27.979351119336027
39.858325365844536
5.293910416085124
48.70355755526995
28.854588355639173
43.52760447952587
21.347422968284263
29.140984246515174
46.84985906177987
48.3723585124295
41.606757862294806
45.58631341034251
14.417553915524095
21.43850173504615
27.52036871312703
47.49952465716407
37.51555471593171
27.600262781398328
31.624773261941126
42.57806298668799
32.31668366608285
37.21201427905086
36.03397214362291
13.347262014732115
7.081383699845417
5.444786481456099
3.9306519652205276
49.92662752189364
33.43072487458708
7.28935048824213
29.77136271960869
32.67749110272561
42.29252629286197
28.965253222121245
6.211974377756274
8.009587073066465
32.777861820852735
7.864942447351381
13.070413295220007
31.957713685155348
13.341785755653273
28.12075444932023
16.964436563718998
2.0718774597845266
14.17461436995689
42.00772711920466
18.769028942801384
49.99405622373344
25.74597341449959
29.084950823034827
20.69076535471268
6.844989877333818
12.791734399824668
28.585856815657017
6.0714346125494085
0.5098069058486865
0.0341215344229262
24.534572852518654
25.877594242603983
34.87433151014304
31.98146798743317
30.02490784859574
26.149054645342222
46.36052584860081
21.318135088307017
4.064754469686271
25.8077589026752
32.730163353810966
41.84414591429053
2.171660619329968
48.68352763178267
10.721331693366137
23.487786556360206
12.714575309462411
26.550472871287685
16.980477949993478
5.016576038936321
10.901231637747227
27.64153174773405
43.28285718422965
44.31921751621841
14.123727621968623
22.088879929692588
31.86050382372438
4.330871386659629
41.611314591976026
21.80397056061876
26.727641387844265
37.049631562089964
8.862521130859434
39.9384936138676
11.806767990728195
30.66618210511066
1.515763323309527
24.115547659428433
37.95941154362975
31.644229075283718
37.925745336867784
8.500396973740433
48.25552902798763
23.941765862498126
17.987922111802558
31.322701008333357
17.97772260626459
47.53074995497933
43.12575541739106
16.61025976181462
34.44532658015652
45.79339556725986
12.70311403983581
22.47678051030766
41.319968450695626
7.822244813625639
33.14002818631811
47.55417187898697
37.88415747199971
36.10254265832521
47.56769593117254
23.21802104395386
46.77585913516115
34.07834968959467
1.2257377400745895
35.68960503611383
37.27029276045625
35.04774411801365
31.57211755123027
36.67409345482942
26.310271374338935
19.96239236209984
27.452349201671467
33.663938260556506
11.245324934541706
38.709942719404175
35.50825707210824
18.14831831034798
33.62143204819259
36.7668601622731
20.357883837786527
33.484043734913236
49.56985975007026
0.32206440361573496
7.587121086833026
22.738948167056943
40.264484578920005
23.87604485111482
15.807530660306469
0.017626384164343145
12.758021263389496
4.414563004038008
38.407211082623135
43.842233054298916
34.08970278003537
43.85966430973711
15.214766918780608
1.2764592703624622
12.042951885213437
47.51390075663204
43.53189206077547
43.99127653146255
29.29584656548701
29.837207087572338
13.228759510118342
45.13359616647733
5.5150675148441355
24.30413417054923
32.1415327728407
28.806916181814067
0.16763379125570577
19.795579459925467
46.72584499106617
10.750382723148299
30.7520996436098
38.84694559359563
36.84111982452456
9.749819030115836
15.032232271654294
39.840499503365336
33.0991930917594
42.78494798089083
44.47356152825561
15.641531517799534
9.412034840054545
45.64438789613346
2.6711340475799483
35.11673371788393
49.702579047076284
20.659882250398898
4.214058577434426
41.762548230869626
32.33268992983092
39.34883179651222
12.482216436309985
19.586986551724934
13.026220338828582
43.79191647013314
44.379660158491276
41.51764735997075
35.518623436620366
10.714240037885613
37.213908901987544
39.00732169986671
24.682527595303206
23.797638991422946
7.04454838696153
42.61838666477878
13.731440505170035
9.86486867497825
49.726975368333264
24.124666646175086
21.127268343673304
0.8637872317961093
38.98057368733925
3.7695750862145605
40.66303977649958
1.1159904096031292
4.546269263092967
37.004348191576554
7.671988677097485
33.183454654941855
9.86158046845415
35.96920573638832
2.9045434196905804
0.9454747075334946
16.694492536504356
35.473453695745285
5.73800844078688
10.52454905447125
14.622089672873024
7.419190128295172
4.874033007438272
30.546948644526378
31.77174652968065
44.93644679811385
34.38893469533777
15.686190690528868
42.44246508786883
40.78855178739773
8.042623946245003
22.420105390730487
15.122149676410224
38.3319686832502
37.22105370983713
14.234374457046094
35.41752055858793
43.84290036993879
32.17221950027462
14.084642428043919
17.085605158211887
41.69111910011619
30.657445638078034
29.32058866763479
44.7328721345591
46.0945860218092
23.036975190802217
44.57569997809431
12.838754635630067
0.9208559813356276
13.586309938854917
22.23987917800807
4.313454741567135
14.461622260915874
35.277180637327184
12.574847529215821
1.2366993969150808
34.33364436149856
18.891343144593485
11.153873681635728
11.584609538056561
48.69035101410928
8.445773909644384
14.40956079236601
36.57081965746152
17.80685198352492
42.05466770885596
0.37452999329719017
36.46122027216636
9.15815473364489
46.90869173804768
45.88480003230195
44.31678476952749
19.760645843714208
36.83684931668431
43.14648338916362
22.220148607163893
13.90105311520245
35.7840555530384
10.601327670946759
49.012701670618206
39.503380140668526
36.02486540918125
4.665496966019661
18.705616926406897
22.824697660982835
8.959079097872207
23.56196045414109
21.266662146759842
20.896553889483382
24.383876028462844
12.563632574963751
35.12330242521023
37.76154655959314
6.751363889462963
37.71746509798593
21.31491813599908
31.418558207791026
27.172183409732874
33.59530774297797
33.382733863187894
45.09670817785368
18.448067378401152
30.372188266359434
43.51275197113375
31.56933005513267
10.441668238598535
9.166227058137938
49.4126629131257
35.91443644928541
13.40539379123103
48.700762352203284
23.64208145636561
43.051770677856204
30.0891758641951
26.38821871538708
47.77066571689545
0.1824142788034111
44.52183454291713
6.840749926177642
3.7333297249633413
8.756260086050371
14.860796270851584
42.10299629364233
49.592786473475684
32.94524485745632
2.123954637378922
37.212211798185805
45.23102059889313
44.00843984749924
19.00799371451828
11.468868815394723
36.43366853642061
40.72354934799004
47.99324514713047
45.229785825142216
14.299799376760058
46.29445052859757
47.151501586110726
48.837794018856215
19.738762639947378
48.358242005662696
11.814374198393873
29.14061260561196
21.45708332177489
7.519885253971359
11.3927549090512
41.79560276368099
29.816865444800133
10.11599477731595
0.061261986868599294
40.13539601228116
0.05835843752152181
6.637637509795658
16.060309313196946
43.07042874508273
46.72126436253858
19.820318952127895
44.889268232040244
0.8471363062094395
8.936883126160561
21.42658227836309
48.327023360982224
27.78341325122619
17.432478229050496
20.07327639740526
5.247920444347215
4.489464353071715
2.2205167140423034
12.895987726542124
25.046545646580043
41.7049204861233
0.8672588210985266
4.525830193161429
19.196471910960376
25.785424950241197
13.98892370693961
48.81391912896025
25.73728029176834
16.741006694199932
12.634446317391662
6.692205817687374
35.54831255805173
11.110357600009385
1.2007447324164366
27.11263730014956
35.384994537629986
1.0158243752846907
46.65022336618722
11.751656672875027
22.48689503414864
15.561472250799985
35.81972387392693
31.920148151321698
1.2451131256182246
3.829190546442196
42.778737666322435
5.099385346149204
15.893928275719432
44.080247854497216
43.67522894547124
12.497040851969594
1.4803854836515418
19.171591469246696
4.435816772501
20.99720057566466
1.1001602526280685
14.932851743044678
46.48682301790596
32.2550453672505
0.05461908832504747
42.37071271479794
45.9459824065605
38.576437661334005
43.96861726455677
39.90514865828408
12.899115456177906
28.072952189547674
2.174258609582119
21.90889359121732
36.7717239893338
12.030299339238448
11.092347581653916
27.28432680097463
13.914355064957428
5.4983050580588
49.440965209042524
3.5048456728055175
24.254128358211762
4.479294541565593
0.7903492825809988
19.80626348496183
4.564102031980649
18.30963581275252
48.2641663334953
44.78851325352948
47.948223864138015
16.31687435851396
28.37880734710983
7.055689651387198
49.59308995640358
46.91163809631242
7.984463405440534
6.9764309664712645
14.335417426349235
31.780085502735943
35.01789779249286
44.08567479172106
31.842262447127478
25.004114021942225
45.37308868262879
42.17874535884328
43.76618249077532
42.431397324433156
36.47207656602852
2.608744919282385
1.1753158610483039
23.739924072216073
47.05834635998218
41.19983788686865
25.860908976106916
46.765260978272615
15.470198380177635
21.184184737485
0.46582861819821075
40.999775166379635
26.44448068059022
1.6371626425874475
5.757581067213308
6.6113874789580755
36.955331552102834
26.39655651995851
44.00790990411866
10.025373424420348
39.65034700737098
13.772133779629497
8.264914954271951
1.7463051258299223
25.5633408052763
27.77757741687324
16.496887976160153
30.662423588006295
9.433214229522996
15.470495928923855
26.00931184324348
21.507933267012984
37.6721612788576
3.8958566602794398
18.95656909591043
33.38692901464099
29.250727382081553
6.900781611559742
49.245491591333106
44.76922409938226
41.79280786777468
10.886693908963185
0.2981033050887316
26.375437394236407
11.422019057482707
35.24323991156372
16.311771850127837
24.682488516698776
47.64704107481722
19.219545518957133
24.700907312278993
31.619371422268124
40.35336946713699
20.766148646565895
21.120901391088083
2.5090781403866558
6.31024501412511
43.83981626574317
44.70809143074826
11.755285304679502
12.73974306197646
17.325880130521014
32.15155037134425
21.41401673727057
36.86614919171329
9.02805983373276
23.369480043149675
2.012282662413467
14.925062460803407
15.203491019180571
27.48737588516828
13.64274462500767
32.16382009998132
16.665783771205934
14.138184409626565
1.309089996327556
39.99548623962422
0.3563462218600766
33.44736860546602
18.70778915357147
1.434485109933814
18.234306622676115
3.7936725450695485
44.034012353721515
17.20542495078434
4.217895747289751
46.69067444822636
18.266723240725113
24.223914612629336
13.82453979500496
13.727122482228571
18.704822910937274
25.972417442855285
10.538685385010204
16.193898894611774
18.100331969456786
1.709823529834953
6.166388525028388
6.173562941383909
9.657267355986344
26.6683911514361
33.79152804284723
28.812546350685103
11.317529431153888
35.246237501350066
7.750772686308882
5.555113750544977
4.1925760005580575
26.357687332460465
26.752795394824645
32.490865512333
5.56385515706031
0.7153044201481495
10.571429305374686
11.281225643414805
23.856519557375588
35.61149644475338
39.534315010760885
46.12265172491236
7.959387399945689
13.549408446340848
16.41534792159246
34.516158635946404
5.615747519471881
11.138857872414581
11.229989898503351
13.973342841246804
48.15562878268265
18.269850382979996
10.482126674361359
34.85487578843838
20.901457851944027
4.133743958456332
2.2750256820962655
48.99930696320725
10.366979748402445
41.183108993652056
38.23855908338642
36.574975901564564
46.44183827706453
26.791819021819997
10.45562850902707
47.558820530498096
39.80335267522226
43.179342177158574
28.36781267467704
31.522316162432396
24.357075537774797
43.31311781896279
10.997092436038736
20.839523565591726
9.863115495221619
25.148659364057934
9.303801904779451
4.744019566493895
2.55155621398262
45.56467219170949
30.290816283456586
12.060969703784874
13.770564252963885
0.4517108578204476
45.73272204096373
48.79337530012216
29.952386771889007
27.55263245663773
9.407075039926976
1.6366868397924894
41.85377608326962
21.910174967673196
31.120604493125096
27.904843617993734
41.455243131115665
34.955091538012475
18.048131017841563
10.975945444035384
11.074500953391253
4.342900444604892
10.961967760662661
12.690897513289483
21.858169515622777
29.89432345069919
35.971959853638516
26.775712384925075
40.24508595660229
39.53767881752047
32.510179353490706
39.05499702198582
29.580219297723847
39.885466918629334
22.483224436905587
40.83612345760279
22.586687356321143
41.42278442433071
4.583606294384529
9.21653011682005
13.330985300161185
16.96451616838975
0.6705069526738994
22.36192455183954
17.852773358566655
43.50572607279107
31.53013942003313
18.39362092953704
36.61070040768244
12.387093903543528
38.57141531546275
32.538907629412144
34.3338246793229
15.690380340970766
43.477654225369264
21.225498365679947
30.321893693082686
16.68526125984543
37.07147909265627
41.70181480456387
39.21560885981036
20.27007847100726
27.649282175582623
44.308062875210055
48.34024658980823
9.093565569833311
33.33398180838525
35.78562828604952
36.272283566764614
4.842896789885937
31.581949399138992
37.50382080806566
6.293682676955853
30.09210613366954
43.29932614028672
2.5354568344694073
15.647945972754357
16.903418911145057
45.71090845394964
3.5559616982559996
14.279627488436281
17.568177801839973
19.494914333369973
49.16023511940376
39.497552593420245
3.458934659455626
16.69957289555142
30.29742903833664
11.756491385419332
3.120960935232908
3.768650753430597
25.674698334314535
5.766273230172169
4.256430089233016
39.61704928479345
19.893531559166068
44.4352363222707
10.446653936153089
14.122652684148896
38.80689670310077
23.723540001685855
29.342638528938846
18.79294772506232
20.814940043828212
21.77829361026708
14.969695915528202
2.9678402923009384
28.94303196923149
42.18217103840607
18.585978564434992
34.48436927285496
44.7730894155429
49.28812601943173
32.83825620086972
38.66119119889671
39.429787530407886
43.85968253489085
27.796068317470358
11.614741983377675
24.48178432813073
48.83863916750462
11.328063919397934
34.53413396954297
22.846634306050202
27.90649124109002
11.770391183167582
9.148943925543307
3.1644305794612357
32.57210439946661
44.601440305949446
26.079940940318803
13.671825989949959
26.03243651004106
3.0304263115987053
5.5243645621777855
10.477923716950038
49.89298953130849
20.560884544914913
49.54100588263894
27.977021065346097
45.84939171683737
22.15074796418949
42.497846452054496
23.80776970236856
36.90187103633612
41.8601637731008
2.8665544654243815
12.127123168799653
11.72887896015471
30.283370888703125
29.57407168050831
31.586265231618384
18.857169349629505
6.456218629139632
25.904438777427114
41.60988683282827
0.1362511879308137
0.5815238199845307
41.99957341234756
38.397470492129465
5.993351499576388
21.52368887291945
29.3323223540372
24.815636537197534
18.891929484406106
40.38398603238305
6.635668165609049
1.7240389540646772
48.29503007370737
45.24895707557474
36.72156204444234
22.272129272674913
17.461325330771064
8.209294758404484
21.97229724485546
26.54430890153493
41.97106340325696
15.89191842903862
19.416681037195755
9.97456691598899
5.9515476966954415
28.523042232195657
13.355822117036587
2.7937477597443694
40.202034546926235
30.153507091050663
12.154113350837381
28.706328619441578
33.1025197543584
47.982751359692735
13.674216796094218
2.907537715774194
17.60002073875076
37.245628956570755
3.126863423930998
45.682240727468155
45.4514097179422
15.008322687498021
45.8663456435153
34.23430734153457
9.761027480339395
49.16695724898483
9.769260935751417
11.39579569503133
3.3148256884925287
37.15598551550864
10.1157318712224
3.956327839188356
25.863942791111285
4.6392861113565225
39.654043950548875
13.49194048240469
2.631696846006848
4.977166648270259
36.50602982070179
44.959777833924555
41.5069821500261
30.037516860872906
42.24064632876372
18.164673883981784
42.92324335721338
45.35262221670692
0.6271192387273694
28.231997884665194
36.393807804442204
7.053701119951988
16.53738050971437
13.709066036543371
7.031733282774944
20.448517804208265
22.565608681482647
28.98430528451833
37.012618984915875
10.703124997813667
19.874061283146354
17.90532695507029
36.31979713222993
28.112760192568636
35.696760445631774
5.4105391069116155
24.332440658551874
15.061294960124282
30.866603693162386
3.363889511023044
24.86836270261264
40.720595438250285
8.812318292919086
41.91847362834302
32.22298993624235
22.92232060753735
2.2333997443106823
8.478470556717571
37.00434953538588
39.467365791164106
48.18708962160073
28.40827262419483
35.22322007899361
3.1463868251713825
7.951153943684336
28.14916336433462
36.4402063705296
20.986232622677132
47.69504561810951
21.244487792537292
48.30859381957536
5.67916817869702
24.65889189424037
45.47382683927878
33.32262813893942
27.769772387236717
21.975947713139398
15.846682548482189
43.96716517989606
36.94216138673796
44.9167518481374
9.475086973955127
17.255237516861577
17.8498146111492
37.07475019706157
9.351543829545534
31.98454250880048
8.708845350254347
0.21095821603100418
29.94337156778002
30.937075902230838
7.712508792957018
15.505760505513566
16.353024432986178
3.477153929381671
9.859514328154638
19.977214728173042
2.5668651847356783
40.03066676597424
39.694642657300186
33.145539500831674
46.80228681467144
38.27416771075237
15.940551246552232
34.35551305767557
23.144394861363864
21.693509377715042
49.97643672087626
38.229011143843806
32.59518294343929
35.9993761472548
29.388732853910614
25.493053540993575
26.511963968779884
3.70788201489996
37.239667727298816
43.67859080411576
45.62994955292511
23.88272407610653
28.215270875686656
41.45694090549983
34.25506130048422
36.915514401740495
19.70010201144467
0.25874183764465486
16.79048941671987
43.76788317154057
37.575935278311476
46.24359051370065
3.4238976646945196
9.024733794726576
32.379322243843625
42.68948417084468
33.316721813469506
21.797709462774073
33.853585147071634
25.6059393392354
18.546657627453335
44.853958716493295
10.418071595715201
27.593028856956586
31.195742224376747
38.12050917784141
0.7626032361357948
17.45262402515195
46.77788225249165
32.072040032095984
40.1013033847195
43.32978473371676
4.696767446728306
32.27612793718115
47.205532129931655
27.80355731273486
17.354399029082483
48.113903368446884
15.740692254986872
35.02896624049367
35.472755416483785
36.10334683677621
42.89491587078936
45.056748963092986
25.357577910409173
22.978218049085836
10.858347226240006
15.64771977016408
49.040873632337195
24.768077996700388
35.329943443249434
47.51073995542723
0.1046639678700445
32.68874631173821
15.559400833953301
0.9902174844890588
16.940975425386384
44.148931357520986
49.07496685979171
13.514769525022702
45.94737600158017
6.302044101501614
12.172584728161922
12.35115379256641
42.81317474450022
27.894909727775325
45.723837963757234
20.920953546575188
41.173054933473864
26.848896690751605
41.586547597962564
15.903131827639427
42.43309567374909
27.3686756537428
8.496745307736436
11.728863934610622
22.43794881082707
1.585916597943965
34.534950004335606
41.43326941312658
41.849334735647645
12.681293611262777
10.667920426796545
17.830649103383873
35.06588118197566
30.021050517634258
32.43565483354379
13.88080144325919
1.1033135256170445
24.55820981452431
28.500542835175352
38.954538151920715
38.24186816903014
41.93779715272999
24.561294293110965
5.630699754520463
46.73030777179822
10.652989375108302
20.90036353631953
48.62154852013552
16.84221396340667
13.583899995036653
42.2034145323875
9.508243002393552
17.342803417298818
22.261631739202446
37.86281955061778
28.729738738785628
39.124938047575924
22.799662964943778
36.77885027650504
17.240993540307297
25.851512289003608
27.009374090061893
16.494461088071578
35.4095515355199
15.152464201283166
32.480167410631566
4.667777229954556
38.65619677583395
4.677143106796045
24.852374152618285
5.649640844842768
15.65267943512405
5.735638666932896
48.466687842046284
15.276531341567646
14.105672327137036
0.9232093484575821
23.564221441980486
45.39822630917627
45.82477746430385
40.80802508900102
13.2115742303271
41.890544402678536
37.17096278635695
28.493969049794433
26.25428459639762
13.132120146336684
2.4678554994505886
0.2521200308369831
39.425945867142424
30.028428090960414
4.028674406957999
22.75674796995885
5.157365229579569
49.65786724731259
35.71374160130595
34.35421832229453
24.093789420783917
26.245557118330805
14.848349654172893
35.164197606753625
37.54565516958503
46.164631827537875
37.234797541715025
2.2347330024999223
13.752686254570401
34.08962630218642
13.37393322040678
21.544437409269495
43.330411255088784
4.029167017715851
45.20653932419337
20.42905954672899
6.8904740004624045
11.095265396149474
46.03566239838305
8.044023698341052
13.172120763017508
0.8879453444274765
48.14483810147533
13.472653109360078
49.18120378558157
20.88653317898172
36.69302668642244
32.92546321871959
2.014220867727723
11.618336757178188
0.900944530177572
9.856077489168518
2.890635002782027
46.84152586891926
34.1245443514662
31.575320692124837
12.970103923689452
36.29065333727569
9.079668412741999
35.83987293119391
19.399136724601036
22.41848576541015
25.648971680431153
0.7658765645454813
30.104883246046377
48.91532048270218
30.012079732087273
22.77353200676357
2.529288371327254
14.840802287726012
9.57449884486778
10.164495685040098
16.834260143690617
32.29996824999652
26.413207613223165
35.11432106216768
16.44175094971373
45.59783327113564
20.067371639389442
18.16784788779232
48.18447910226175
19.735756840068895
19.011547352562825
37.83001386711039
15.160318417633018
4.2476717287896095
33.08456456975782
41.594573495216416
49.39135379129587
31.520271869776455
31.057354064476712
11.220720864624722
25.700997413589693
38.504579816491265
31.182014867763087
37.23252411380741
6.256428709062368
31.18844939294496
46.67743007151983
10.844708837356503
20.008635870840543
40.31124964054497
47.65013558414573
40.03099991343948
29.68751080507844
3.967362780549555
27.26756624713566
5.30156508709545
21.378212160739483
32.15401596778586
13.202877901510574
47.41127825909279
4.530778766385452
13.266957339950686
9.434391940298536
47.55686566688866
31.577833755735035
26.970415024103023
23.112875424187212
20.847820571190468
32.8866300591354
42.12908629613352
36.207992027234745
46.25361926594952
12.695665146148317
16.42760006746658
25.165880435478343
45.69549298567705
8.780491495648446
35.11313370528623
11.958835026745984
29.73838730685795
2.51827296732185
31.12783207226919
1.9309335338349498
11.455867417051701
8.928983018565951
6.0633395173237234
38.64874957142289
35.50069969994609
29.598034744421497
7.090675699976018
15.901782065014775
14.858827243115952
39.93712870847216
27.254047007415387
10.64629719061309
26.639812141864127
35.80484920771292
47.650385623241185
32.117328414438624
10.456884838663788
39.87024990406888
34.80135052674465
42.795018845630615
32.82949200085262
36.26363362574259
12.801287746733337
7.148068358117748
1.2310756476778428
20.455174246303454
45.22355467716568
45.63099089311144
2.4764405547910817
25.19994445806824
24.460419201747317
6.518403584337667
24.21304198036284
28.361522226395607
5.598250789539533
22.216851563458036
33.14336687958162
5.1439461765228405
24.62269271281976
24.534862328463458
14.868929872146014
31.554288981631323
42.09000652999579
1.0369292603843283
49.09042453727504
32.00756281103232
45.72707167146102
25.322864223247844
32.30915385683774
9.834288563595816
16.20921243589082
34.67178320865334
46.25926322067077
38.943477270458814
3.593920316517152
45.680966395655595
28.446148783674236
31.46514437415663
9.922907090066513
6.123939952045343
37.026655673746525
14.153301204586494
38.5651593562943
28.77361599405971
4.872185804059336
4.5272158468438795
47.851238223001104
13.615101780139371
11.459376854353403
16.340516426823154
17.489099672925455
25.95468744454303
48.186526817248065
48.28433598583094
32.276355851133914
45.63543699941952
44.90464222842802
33.40301532966366
2.8501732455967543
11.46962914748605
10.271362754603718
6.090477360321928
27.658511496080973
26.780147359912515
9.498447654441321
38.470065419502646
24.38541676780343
21.7441252118731
29.729603896523855
0.24481323131009258
34.184455588370625
15.057250316486714
28.041511836359973
32.45135863721437
20.80566685072793
49.15890139062788
44.32667614541156
10.267649625675478
13.529935571496999
23.56066186669305
31.64532290410666
26.72225678886506
12.571798238091686
48.80671381363086
25.734851210025205
14.517681414927258
39.141358377951036
6.7282579369045195
24.04695515229587
13.535634050349705
40.526994855777886
5.018811769364445
27.4520531423411
19.91099707760611
2.9697240396939883
31.04641415928925
15.53683821943671
28.828346472509292
10.099231707003986
32.04573599501505
26.173795735341866
38.13120050082139
9.444170824191001
26.766659188664576
23.624432617945228
35.26167333582522
29.116569856935214
15.131070179376671
13.543790039987218
41.76234656132644
1.792231317387455
9.31851460879733
32.195853611049536
18.33606101469105
26.604310855488585
36.464038280385786
21.306275109796545
29.936623618201246
42.78309526880598
14.087023233115502
28.858851894058642
40.025878729803985
4.8501817051641805
44.67351261365845
12.049718857170594
6.7919630554221015
30.87764320044058
21.500160974375355
14.901622581112257
16.5218054892791
29.039939670747128
0.5699214614512949
42.18742412771447
38.634743705701126
40.5501308045957
8.863971874022186
31.730391445944562
5.4337434692143365
39.483072874324634
7.05563190008669
1.6444993584764422
5.575548630184141
18.900323682987295
7.666989016508702
14.155016864744873
28.96688952748257
43.676433659090236
23.24714776949351
36.85452906372513
1.3699686885887574
29.34057232691573
40.185607502673086
28.48987414823731
25.551773928995775
25.88871426812343
34.749728910614394
17.50180127299035
1.209524817440366
10.404646863383965
42.35929657150157
13.965695013720264
44.203418694394756
35.98593384455456
34.4590292990295
8.414341825290245
42.50502615223951
9.464029117056644
13.264737031156182
28.442862050289985
24.099056951974244
17.762932943756244
47.34802666836792
21.260765001017965
27.67147735917791
13.098488590310565
46.334741410718
10.61127566122853
35.664897096353855
20.09553323756878
37.02754295693413
37.90924117143518
43.62143577978708
49.26854151521163
5.830487247111699
31.455788933531586
21.392256379622104
24.85297222606537
16.774676351614833
21.717438909177684
9.28338787385104
46.7207776941326
11.445635946539445
28.50317779885942
25.844868224874595
9.261398924994923
9.440938618406525
25.643230263699056
14.348143303496924
49.56773211221181
23.621468365050745
31.885840236293994
1.2903090300485198
40.976291143539804
40.13969659316159
29.209217269028404
35.54221794089638
34.479611103484075
18.074383139483164
19.496257219815188
29.19524922073762
5.952520013490659
20.597451112464594
12.287698336749687
48.45895840819116
22.54174836910523
30.428447358896893
13.911403308567044
43.35633637998057
28.83807782047506
33.67600053654743
27.921729107832753
2.9354267785049903
19.31165474740746
39.28106145803302
11.50454479338429
42.270828461540006
7.5828405117082385
48.49721342440894
36.57924481126642
39.0297185201952
23.207200545193835
42.91764846881886
42.63614633939935
38.36590692307947
2.8335953066037476
34.55407213811951
38.703257598342894
7.447830876303119
32.331553661754015
40.36746299997486
38.42642777524276
49.42910174089123
17.97604827856335
19.563458534728838
10.117199463478416
33.05362722089657
33.65634572784945
34.746985249313255
36.654257021958834
19.602653260786667
17.917249747484266
12.127435603622716
45.98212111989372
47.824094686164464
11.908478544690777
15.172505906667938
31.109765345833424
32.440140967266665
0.4216929205547171
29.22511980786095
26.515107345966527
24.567337671867385
11.236012371945158
24.278914835190147
35.705597505959275
7.042996503185039
21.063181059810667
15.37526136476563
6.6404581877622215
32.52587261407982
42.13003945681757
23.17572676832097
20.37834614081156
7.158214120838247
20.7378903462338
3.67155424861994
16.255699480176983
32.45134410321487
39.61675355109344
25.11874886566168
31.094419691752634
23.162514105570324
22.000751802235403
33.605998486298574
15.041479153742987
31.86991065439888
17.123425331801727
46.671082906187614
38.13668434649415
8.53030600146597
3.9361402427373404
27.684870833467095
6.444215701298961
9.645556352099572
41.23830135498186
20.983619619678834
17.67880417153548
32.336890785008585
14.644063101944866
39.49262700271671
26.463700437077097
4.479014566597578
32.87728228901004
25.003614738026315
25.71227857307599
6.441999679919796
42.643625654007664
44.09711189293931
27.49577591610525
40.65020497993876
47.5555796570862
1.427667018298534
17.507069049085118
4.0469015456327195
30.54319056505326
43.884027441014105
17.321514008086314
36.23896330500332
0.8058494855535947
49.81902455105114
38.10402208157809
28.298541795194122
16.08666453329659
12.933330249583685
1.8748893558833302
23.13646986915177
25.293355392641114
0.9943644525221451
29.13333630525913
37.37820409224843
21.868407384890553
25.56027649155597
26.947272306147536
23.4811024030779
15.138300222947642
48.01281296706092
25.520952477266697
29.59432132227918
5.601429444492917
43.07984760883319
4.070401405855717
40.998988420243556
44.11907071785712
4.1905508178631425
17.56767789045962
37.57889895303752
16.56647310453323
27.358363655214017
5.388412902543028
33.18613922912603
43.77561504077928
40.083805730692646
14.332462292984848
3.6558011308559015
25.89333855820933
48.9288579587923
4.9007329590996465
14.439124119400532
29.49208146662272
46.099326644806034
1.3513206735209504
7.403852218598711
4.194445147726439
24.183489723114388
0.9042560058517557
28.076722854526103
7.3138207050088555
21.920700528335637
32.599034104055995
19.424640613249117
13.742417568966225
1.0557587660270873
41.16093860535679
43.24926146334721
10.33015254887722
49.32704979471602
23.193954693287385
36.66252840064851
25.539324148918524
36.78694469423025
25.30984020585073
24.292805534898637
24.665668529641028
23.20738114509917
32.695900782688824
47.03781956293936
3.4619894753772362
30.53987256859972
11.853508397274858
16.90383867858109
15.6640709765071
4.567375163441173
36.97193848186032
25.992766756365203
11.772383671524643
7.456919354740638
20.0188518672713
10.699487436973959
25.118342651624715
8.897802466864807
41.54173491825571
20.50758062379736
6.1494938474626
30.00686040591954
13.476922821046411
6.356943579600754
21.272852732873037
37.54603323626388
42.7642920240375
33.66155500551107
4.030965915446583
42.39817944044286
35.912902689234606
26.034679883049332
11.747776143457006
41.50181407832345
36.75128381425606
22.790324431952513
14.651684255788938
10.938528922588524
40.9286629838854
37.06168052682508
41.05548457073734
45.71230158770148
37.59822799219211
20.170482437856585
47.58407166877747
6.963068695972535
11.324501716454504
8.181954932578611
31.159649716091447
34.85821379124725
5.472730357814893
5.213792592392574
30.69342777230642
12.183739647652164
27.901995790743555
26.196430104355283
17.251433461378618
34.52637689253593
25.728633455501438
15.080988546629998
37.61481925046156
27.878743104785027
15.240948666194814
12.10954674673072
48.52449319316277
27.21745900652427
6.062979394956935
4.979904622860065
27.812707137327163
7.96313747810089
39.96928989102806
47.11742821439947
14.6314640790148
5.395944053159712
27.870889312163712
26.57785610093917
10.072332589021581
22.970396118045123
32.5185986021286
18.017959079633663
47.31569467929644
41.233017895033726
45.87621032906927
2.9450695158749376
1.7657553103196777
22.239005897148434
46.17130677879027
40.36088012778558
28.362530724393075
49.797379650864706
42.47249954653224
46.27163726272843
22.03835001774944
14.610114630365011
47.18832862371321
20.558502429482694
13.593903206750868
41.69848318779004
8.2735992719228
45.25969643600665
25.59478250277519
15.086554564951404
44.14665940788886
18.96685292660502
27.496118176396966
31.223386412917776
26.930849778434652
45.86784473816689
45.39817265608436
28.311771783111865
19.86543019731812
31.768894392290033
27.601348288631026
25.127486540048434
44.80110312956377
6.864207015398987
16.39440619830986
20.998495404864155
6.409924038759413
20.293263068777414
42.948130329494624
37.44856571270585
0.363894859138858
35.11759780363639
14.439809609725529
33.13387622295211
17.305931855747847
39.74930633477914
29.083074627931065
5.080799681286624
8.580474920156156
6.518866652648214
33.50910462483511
17.42496693129351
12.59321070863092
49.679504520561416
36.36456272801699
12.038559573031105
31.966094660810967
39.84685974686865
2.608398296581005
24.42507096652641
31.992594777752014
26.751060213440326
20.401688902667498
32.59391688823766
26.004226460233877
30.934932939986847
9.545089346287588
44.274579648354134
33.535759550015534
48.86803119839237
31.504295898713465
15.580267322493185
39.387315644692464
12.325589710810513
2.3103768155739335
24.587185105982133
35.22060254743331
31.727903239192607
49.61609740674306
39.733701594511764
8.028251143628523
36.163876382554875
44.964617673545064
41.84259753468515
35.68665146200799
28.288789455748287
1.263875700491801
45.56233581031646
26.481936727088655
43.67411504824486
5.694219731480471
47.68804815974714
2.4951266408786643
11.604735133033383
49.090873665893945
22.380532416924346
19.64817035933596
27.155438179118914
14.276697318849502
22.672345114603637
34.97508629026907
32.80369757174927
17.869020611755566
38.34646601336063
39.90117375093647
4.481468640081371
12.062514989683953
21.821025414179907
0.35839920103220013
9.928498338604747
26.715203594170323
24.84329209037453
14.235311454015037
12.383815083667859
6.4531599537307915
32.800462000938566
6.332410687159895
9.892811964820863
49.71392197679446
36.974541237371184
5.178262596853234
42.06596472509156
17.79335224707465
3.277958759545557
8.968214229374583
0.7425465097568751
43.57153215490165
7.978004722499538
20.530333282977985
36.63369862737299
18.388997004753165
24.18258718013917
46.16937125020179
17.20722603240612
5.912253976072412
21.439396616932243
45.42120539624086
1.4775089580087386
[Y]:
53.12076363629398
50.43840460140305
50.04447968523628
29.408197370553264
16.05845886218166
44.07799800063427
6.76398815651905
21.165235776764206
34.463801528729334
50.97904335347778
4.592332003172681
37.12505795130211
2.3183743956519094
42.234722595814404
52.16754498674237
19.56675863441765
12.463885299001287
61.70573954297147
39.62226779702084
35.59132804092157
13.489512901497275
34.2481520206155
53.594387182352676
21.154330772506256
54.98342712052576
32.645086088669224
38.75530463157427
30.347179915457843
43.862601362346
40.292538628357136
20.934489040558923
60.144110104532615
27.39450983076008
31.062891190132238
15.474613688448336
42.26141697097336
30.832638216791995
29.153521661752443
34.325438309151394
29.330806784479257
38.362791201573245
33.05598460979526
59.22437261909671
42.25358130565018
43.011972252800646
37.01750803426809
21.721044874506614
39.27690118754214
49.98373059941113
35.58976603551998
53.19033076264508
52.43642394629803
7.555136911953404
2.025607173468921
33.4494845835292
43.30495214834126
49.50758451871649
49.59660648713414
24.82933775494995
49.771707781950184
7.462889198919057
33.84734161981493
34.559866796115706
13.617229021750141
29.91098845245984
68.26850356063609
53.8464432223331
40.86218781478397
29.7715330127308
38.5979356815696
9.862582928861507
22.277334567952224
29.387489914291635
55.138708357906
45.866624419657455
14.056574832574919
25.132738239094735
56.62993810088591
40.038856417146874
28.40814379335189
32.637005356665455
35.878781498368795
31.963331094395432
33.65000960069618
25.74452624334473
18.98495017328058
23.80097272119617
44.98071058144967
10.044588434835227
30.47701653741887
17.00734604410593
52.272590396289075
17.293867330959777
13.034030374586225
9.721869782352872
27.61937637051378
41.54044881802649
4.983533669981735
50.148088679508945
46.61670317856301
37.88177661991375
48.656602295594396
45.31916980211667
54.397147998696674
25.224772649589443
23.836996391987203
37.85439466626285
41.46261531190854
12.11760646062714
28.591413834034586
41.27342241213319
64.48437428768003
43.67956319112814
43.84221959623082
20.643514965514967
56.03817433638345
29.826303731107664
56.513779731711004
43.20583084203784
53.70328194776621
22.501003219849522
20.239602477221617
27.41766436376702
54.14758185029426
54.73082297767196
34.506262726220704
9.33175047641935
19.87216069626642
26.269095741840324
30.829594296765485
13.925095263372848
23.49651833624136
29.917301682507855
6.939239137629224
60.206617315241644
45.606519106166694
46.27583485872057
36.26297720540843
26.248248947104265
38.951010302920366
30.14415296051793
29.823381497705988
44.438219030087836
34.033749499387234
36.649265537217964
39.56424114046938
40.89158188305191
47.75388526984211
33.163833687537405
22.942382765608883
16.660778078622613
25.41946714607308
56.25116377054607
23.77744638433434
24.81069474717487
21.72536739126845
39.14441659362629
31.249519605442977
9.921350888679687
59.24714328572644
25.74624716447223
39.58886706560907
46.30463628660542
46.806125189329904
23.086459071070223
13.113860502848498
42.269953061237196
43.7561743979335
41.044385506869126
38.24056976424571
51.07663362562329
23.02105736570084
66.7540077050775
20.685059800761138
47.78169964320172
34.65237760905482
19.831514737776747
11.132506759760057
29.452415073233478
60.81595091294798
26.6893879023913
23.909724885047243
56.12586074834766
55.50069449475009
6.928367170319637
30.284203225350293
37.265696374066295
44.58348089546882
57.086660292675624
31.835128332868095
38.962846044215965
33.88367068451134
45.02208358362069
32.67793837462741
52.11278739721213
60.87988724942389
52.4978868099436
38.085406289835845
37.669050728274016
37.33404313241927
36.35080138803691
30.416294970501625
38.59961972573126
50.41244377274536
28.080210225118662
25.2998186095529
53.26245038935039
44.45334693286628
56.76961142324068
33.02717771489833
13.67780961178569
22.46510695987633
24.155829185164876
19.34452157217642
41.14130201751492
27.944579899669662
22.6314803905937
23.817090175686953
56.14199288218048
43.43402103428957
26.172202577696996
13.369579502205017
23.20766965845317
35.22228945668219
21.291953957881102
18.856330636176004
25.56617094812428
25.673428604522616
30.296603559456184
35.17154925097519
6.45750196782762
19.13969149596551
36.60618169536373
28.815223154241103
59.19524497898675
37.39677873159967
25.067960658427864
18.352612283770146
9.075991901867054
37.83338751985973
46.26868545252561
31.257147690039524
4.007845524678949
22.827297227538335
22.627658282014924
39.902075394083184
40.49946520811443
44.18517438994653
52.819926278876586
35.319243716273775
44.28842067888064
44.05450807064561
12.851803575749015
26.04620712214016
35.78413068304877
51.475316731432414
8.337328495463973
65.34682210542613
19.37706535469291
47.59022924508816
33.57166024756992
33.24037829703015
27.38438235999478
7.613260831149056
13.52098531019778
30.513225398187238
59.826285747383714
65.45537401297472
38.898982097574894
28.47110394375407
29.688403058979503
10.664697109327701
36.88905167358082
45.643176448495
24.98211311027541
35.63970524967197
27.490016904687543
57.15079489109408
34.04541439258255
38.93294568408853
15.012610658647619
30.092438127542746
54.36752923490379
36.71538326022697
38.740596269494226
23.600317578992343
48.8044232223901
37.1534126899985
19.190337689442046
28.058160806666688
43.782178085011665
40.42459996398346
62.70060433391285
14.488207809451698
41.35626126412521
58.234716453807884
13.76249123186865
28.781424408246124
47.4559747605565
11.057795850900511
54.11202254905449
52.443337503189575
57.30732597759976
43.28203412666017
51.25415674493803
47.37441683516308
41.62068730812892
42.86267975167573
5.180590192059671
48.351684028891064
43.616234208365
46.63819529441091
27.657694040984218
59.33927476386353
35.448217099471144
18.36991388967987
47.16187936133717
48.5311506084452
17.396259947633364
59.767954175523336
56.00660565768659
24.118654648278383
26.897145638554072
58.21348812981847
22.28630707022922
55.587234987930586
61.8558878000562
25.457651522892583
32.46969686946642
26.591158533645554
58.011587663136
35.30083588089185
22.846024528245174
25.21410110733147
14.406417010711596
16.731650403230404
51.125768866098504
54.87378644343913
48.27176222402829
62.087731447789686
24.771813535024485
20.821167416289967
10.23436150817075
45.81112060530563
54.025513648620375
42.99302122517004
43.23667725238961
30.46976567005787
29.18300760809467
37.90687693318186
23.612054011875305
44.64330733643938
48.51322621827255
31.445532945451255
29.53410703300456
42.83646356794037
60.180675992852926
21.200306178518638
30.601679714887837
49.677556474876496
57.07289585961965
19.199855224092666
39.62578581732343
40.27239960269227
42.07935447340752
48.02795838471266
55.37884922260449
23.313225214239623
37.52962787204363
66.51551031690676
24.336907238063954
50.89338697430714
52.36206323766103
39.92790580031911
21.971246861947535
52.0100385846957
37.866151943864736
59.67906543720977
39.98577314904798
40.86958924137994
39.22097627106286
63.233533176106505
40.90372812679302
62.014117887976596
56.01489874929629
31.971392030308486
59.77112712159003
37.805857359893366
38.94602207624256
28.038111193138356
28.43563870956922
48.494709331823024
27.185152404136026
7.891894939982601
48.78158029466661
49.29973331694006
34.90181467493864
28.291029785436884
46.7844589498714
17.415660068971647
52.93043182119966
25.492792327682498
16.23701541047437
33.20347855326124
31.337590941677984
49.94676372395348
31.889264374763314
54.57536458911065
31.72363473575246
27.75637976602679
43.35559402920348
52.37876295659622
29.1904067526295
31.819639243576994
23.697671738298418
7.135352102636137
32.09922640595061
48.437558915621096
32.017397223744524
49.749157438491075
57.511147756270205
16.748952552423095
56.15397207029506
41.630841429918185
34.634099156995994
29.33608431258439
14.49771974112818
42.06557494660016
47.7768429678697
35.98749956563687
31.334016446870347
39.27432029595103
45.537775600219696
13.667713942435135
31.668484126569506
48.952895280092946
46.12595651046242
36.056470934107836
35.786297707647286
53.07566881744736
28.629580152641772
44.06055998247545
21.671003708504053
26.536684785068495
37.269047951083934
47.19190334240645
4.650763793253708
22.369297808732696
33.02174450986175
34.659878023372656
2.7893595175320645
31.066915489198845
44.51307451567479
20.32309894530858
9.86768763044525
55.152280811287426
26.556619127715503
36.727648633892805
36.45665572596921
25.645481586819933
60.64373416708476
16.499623994637748
41.16897621773309
15.726523786915912
38.72695339043815
53.50784002584156
52.853427815621984
32.60851667497136
59.46947945334744
41.1171867113309
23.176118885731114
27.92084249216196
41.82724444243072
33.681062136757404
53.61016133649456
44.80270411253482
51.619892327345
15.132397572815727
42.564493541125515
18.85975812878627
22.167263278297764
33.84956836331287
44.613329717407865
29.917243111586707
20.107100822770278
31.050906059971
28.698641940168184
49.40923724767451
32.401091111570366
59.573972078388735
18.851934508799264
34.134846566232824
49.337746727786296
28.076246194382378
31.506187090550313
54.077366542282945
21.35845390272092
33.297750613087544
36.01020157690701
36.65546404410613
13.753334590878827
31.932981646510346
47.93013033050056
56.33154915942832
13.124315032984825
67.16060988176262
32.713665165092486
45.24141654228496
33.07134069135608
31.31057497230966
53.816532573516355
20.545931423042724
39.817467634333696
29.472599940942107
8.386663779970672
30.405008068840292
18.488637016681267
36.68239703491386
66.67422917878054
50.35619588596505
2.2991637099031372
55.56976943854864
39.78481647911451
50.80675187799939
35.60639497161462
18.775095052315777
36.34693482913649
55.97883947839203
40.79459611770438
60.78382866011377
36.03983950140804
43.63556042287806
61.72120126888858
61.27023521508497
38.5910101119579
52.48659360453016
35.251499358715094
28.712490084489566
42.36566665741991
6.615908203177087
19.31420392724096
34.6364822109448
26.253492355840105
30.292795821852756
15.649009589494876
59.70831680982493
13.846686750017215
13.110110007836525
26.048247450557554
61.45634299606618
46.37701149003086
37.45625516170231
64.11141458563219
19.877709044967546
24.549506500928445
23.74126582269047
55.46161868878578
35.42673060098095
19.345982583240396
32.8586211179242
19.198336355477768
32.99157148245737
4.176413371233842
36.116790181233696
36.23723651726403
62.163936388898634
10.893807056878819
7.220664154529143
19.5571775287683
40.42833996019296
17.191138965551687
51.051135303168195
25.989824233414673
30.192805355359944
22.107557053913325
18.553764654149898
40.43865004644138
15.488286080007509
23.76059578593314
50.49010984011964
33.70799563010399
11.01265950022775
49.32017869294977
17.20132533830002
24.58951602731891
16.04917780063999
53.85577909914154
48.33611852105736
9.396090500494578
32.46335243715375
60.022990133057945
32.27950827691936
36.71514262057554
56.264198283597764
41.540183156377
14.797632681575674
7.184308386921232
36.93727317539735
33.5486534180008
42.597760460531724
22.48012820210245
37.74628139443574
63.58945841432477
45.604036293800405
12.643695270660036
59.696570171838346
64.3567859252484
38.0611501290672
39.37489381164542
54.12411892662726
18.119292364942325
29.058361751638138
20.33940688766569
24.727114872973857
37.81737919146704
24.624239471390755
14.873878065323131
36.2274614407797
25.53148405196594
15.198644046447036
56.35277216723402
20.20387653824441
47.60330268656941
20.38343563325247
9.632279426064798
36.84501078796946
19.851281625584516
26.047708650202015
65.61133306679623
62.23081060282358
38.95857909131041
30.453499486811165
27.503045877687867
23.044551721109755
67.87447196512286
56.129310477049934
31.587570724352425
16.981144773177007
16.268333941079387
44.624068402188755
35.214318233994284
41.86853983337685
37.47380995770198
31.40329121755378
45.89847094610303
43.34299628707463
37.41294599262026
48.34511785954653
46.57766125282281
25.486995935425902
12.94025268883864
36.991939257772856
66.44667708798573
53.35987030949492
32.688727180885536
56.01220878261809
35.176158704142104
31.947347789987997
20.172662894558567
42.999820133103704
42.15558454447218
28.90973011406995
28.006064853770642
20.28910998316646
45.164265241682266
48.117245215966804
42.406327923294924
33.220298739536275
45.52027760589678
21.217707023703596
15.61193196341756
10.997044100663935
36.05067264422104
28.822061933498592
25.19751038092812
41.92993887040503
12.346571383618397
18.376396743139082
27.407449474594785
47.20634661361038
40.33772902308608
21.716685328223548
17.565255276728344
48.30954321171279
28.800581905665243
27.120625289247787
60.39639327306648
47.815379279505805
54.43424629421973
32.109355127170545
24.238482644070977
36.100349915389124
10.337615245986166
53.39459192925097
32.24941748010227
40.745990813359015
58.51763285985378
36.9756364151657
29.96072584982319
27.0954971378145
58.082695573709586
42.41291891725271
39.69672111287046
20.00726251230932
35.04819601130008
39.27185301259453
57.96647314459861
23.804228243743598
19.791794449581168
15.06070410441681
50.32124029707539
28.53121338981645
31.292919353370635
14.422447866986207
30.09558403451974
26.80982612993077
30.54004996864272
27.162792815344453
50.789900708134624
28.31419570000613
53.33105607998505
19.332627016964747
22.71054752770125
23.847271997062037
54.796388991699374
23.685076977488055
32.157894884372816
21.566231322857174
22.747588087947044
16.98744529814089
19.834938036055636
46.62720988297721
29.36433996062747
25.574316597831796
53.55253955858109
18.81337859258009
41.579131690103466
29.65963183600396
30.781697985782856
32.963858328749815
34.57793395428423
24.03094830800816
27.955119115689417
38.480265575565426
26.567858823867958
31.333110820022707
15.738850353107125
16.125813884789075
31.53471292114888
57.03322243427778
41.650037080548074
15.65402354492311
57.596990001080044
27.8006181490471
11.04409100043598
11.154060800446445
33.086149865968366
34.60223631585971
45.192692409866396
14.651084125648246
13.172243536118518
32.457143444299746
13.224980514731843
34.68521564590047
54.2891971558027
41.22745200860871
66.29812137992988
33.36750991995655
18.639526757072677
20.332278337273966
43.81292690875712
15.892598015577502
29.91108629793166
25.783991918802677
34.57867427299744
52.92450302614612
32.61588030638399
34.78570133948908
45.8839006307507
29.921166281555223
30.90699516676506
21.020020545677006
56.599445570565805
35.89358379872195
55.14648719492164
31.190847266709138
56.859980721251645
47.35347062165162
40.633455217455996
33.56450280722165
47.64705642439847
46.242682140177806
63.94347374172686
50.89425013974163
34.21785292994592
41.08566043021983
58.65049425517022
33.397673948830985
31.071618852473378
9.690492396177294
22.518927491246348
19.44304152382356
25.99521565319511
30.241244971186088
41.25173775336759
50.63265302676527
9.6487757630279
36.216451402371106
20.761368686256354
66.58617763277098
59.434700240097726
52.761909417511205
48.442105965310176
29.725660031941576
18.70934947183399
53.883020866615695
28.328139974138555
41.69648359450008
39.72387489439498
58.96419450489253
38.164073230409976
38.438504814273244
33.9807563552283
30.459600762712995
14.87432035568391
13.569574208530128
20.352718010631584
28.28653561249822
32.91545876055935
48.57756788291081
49.62056990794005
60.99606876528182
34.63014305401638
53.00814348279256
61.24399761758865
46.46417543817907
50.50837353490346
46.78657954952446
48.26889876608222
20.469349885056914
45.138227539464566
16.86688503550762
34.97322409345603
20.864788240128945
25.571612934711798
5.336405562139118
31.08953964147163
16.682218686853325
52.20458085823286
29.424111536026505
26.11489674362963
43.08856032614595
22.50967512283482
48.2571322523702
31.431126103529714
40.66705974345832
13.752304272776612
49.7821233802954
22.980398692543957
47.05751495446614
22.948209007876343
48.85718327412501
60.96145184365109
52.97248708784828
42.616062776805805
43.1194257404661
36.64645030016805
40.47219727184658
21.674852455866645
43.4671854467082
47.228502628839614
29.617826853411692
18.874317431908747
33.06555951931119
37.20305664645253
29.034946141564674
37.87368490693563
37.03946091222938
2.028365467575526
26.91835677820348
16.522735128916047
45.56872676315972
14.844769358604797
26.423701990749024
30.254542241471974
16.19593146669598
63.928188095523005
40.5980420747362
18.367147727564497
15.159658316441135
45.83794323066931
17.205193108335465
12.096768748186324
3.614920602744478
45.13975866745162
34.01301858413773
23.805144071386408
56.29363942783476
30.91482524733285
55.94818905781655
14.35732314892247
29.898122147319114
56.24551736248061
20.778832001348686
52.87411082315107
36.63435818004985
19.65195203506257
45.62263488821365
39.575756732422555
19.174272233840746
51.354425575385186
45.14573683072486
26.26878285154799
55.78749541828397
40.61847153243432
52.03050081554538
42.47060496069577
50.728952959117365
54.34383002432631
57.88774602791267
35.43685465397628
19.491793586702137
49.585427462504576
52.870911334003694
33.66245113551834
31.227307175634376
37.47730744484016
29.525192992872018
35.81631294653406
35.519155140434634
2.5315444635689888
31.457683519573287
49.481152244759556
40.66395275225504
21.137460791959967
31.02594920803285
26.424341049278958
15.219491649742226
33.58233897356003
50.114391625046785
32.048707635931926
50.432804706111156
24.18161685227688
64.87951337346989
19.520598371351596
59.7982771616436
43.04621576189484
31.921496829068893
38.88813101848064
13.693243572339503
25.90169853503972
18.383103168123768
24.8266967109625
27.85925734440665
27.06901218529471
37.8857354797036
19.5649749033117
47.72355102194169
59.68790946626261
18.709000950344645
12.465219055987621
40.79965872987805
42.11797639370357
20.994681199661105
21.41895109833556
40.86585788322975
46.25250922975802
43.91354358752488
45.50718882590644
6.508534532487239
16.379231163251738
48.236024058965896
42.79916566045979
58.777249635553865
29.817703418139928
40.36906026461685
24.567435806723584
24.17783779588437
23.635447121227944
62.37685072260557
27.113534743230893
20.333344829756605
19.37965353279119
5.361238157356353
46.81843378575652
16.68465769362927
5.234998207795495
32.76162763754099
33.12280567284053
12.123290680669903
30.165062895553262
53.48201580348671
38.98620108775419
19.93937343687537
5.926030172619354
39.2800165910006
43.59650316525661
14.501490739144796
50.94579258197452
55.56112777435376
29.406658149998414
59.49307651481223
47.18744587322765
8.408821984271517
42.333565799187866
24.01540874860113
23.516636556025063
22.45186055079402
56.72478841240691
33.292585496977914
32.56506227135068
42.89115423288902
7.311428889085217
37.7232351604391
34.19355238592375
32.10535747680547
32.181733318616196
46.00482385656143
50.367822267139644
57.20558572002087
27.630013488698324
34.99251706301098
19.93173910718543
54.73859468577071
53.68209777336553
7.701695390981894
33.38559830773215
42.91504624355376
30.242960895961584
25.229904407771492
15.767252829234696
30.22538662621995
20.558814243366612
33.05248694518612
35.18744422761466
30.2100951879327
16.962499998250934
18.29924902651708
31.12426156405623
32.055837705783944
23.69020815405491
48.35740835650542
12.128431285529292
47.0659525268415
16.249035968099427
52.2932829545299
12.891111608818433
26.494690162090112
57.77647635060023
16.04985463433527
53.93477890267441
29.37839194899388
18.937856486029883
29.986719795448536
27.782776445374054
34.4034796283087
40.57389263293128
48.14967169728058
34.12661809935586
49.17857606319489
10.917109460137105
30.36092315494746
52.51933069146769
40.55216509642368
34.788986098141706
47.15603649448761
43.99559023402983
65.04687505566028
30.34333454295761
47.32711351539229
44.17906147142302
29.65810251115154
37.21581790978937
37.38075817051151
30.67734603878575
59.77373214391684
55.953729109390366
49.13340147850992
18.9800695791641
31.204190013489256
43.679851688919356
41.059800157649256
9.281235063636426
34.587634007040386
34.56707628020347
21.7687665728248
41.35469725422401
42.14966072178467
12.770007034365612
12.404608404410853
18.48241954638894
13.581723143505334
23.48761146252371
30.38177178253843
8.05349214778854
40.42453341277939
36.55571412584015
49.916431600665334
60.841829451737155
48.019334168601894
31.35244099724178
41.284410446140456
33.51551588909109
28.754807502172028
44.78114937670101
40.18320891507504
38.67614635475143
45.59950091780384
51.11098628312848
40.19444283279486
48.2095711750239
7.766305611919967
31.591734181839055
40.34287264329261
62.903959642340084
38.906179260885224
30.372216700549323
43.36555272439986
30.404049040387378
29.532411521392397
43.96008160915573
17.606993470115718
25.432391533375892
53.61430653723245
45.06074822264918
53.19487241096052
23.13911813175561
29.419787035781255
29.503457795074898
58.75158733667574
26.653377450775608
31.238167570219257
55.8828681176573
21.68475147138832
38.237326101962665
50.88316697319463
30.534457276572155
43.07442308556527
51.356593779501395
38.89640734227313
21.610082588908632
37.36209922012156
60.222305801993315
28.05763202567679
33.8810427077756
35.26382778697341
26.55741395738264
30.020902349744922
59.36442570394532
48.04284585018789
26.483519223265986
65.49112269475751
28.192553803989494
55.623172992394935
42.77820433318703
28.88267746942097
53.51593269663149
44.44539917047439
31.68606232832734
39.382574439268666
15.886677780992002
12.518175816131265
61.432698905869756
28.81446239736031
57.663954754599544
54.208591964341785
15.083731174296032
26.75099704939057
41.24752066716263
14.592173987591245
41.7527803403091
64.11914508601679
50.65997348783337
18.61181562001816
38.55790080126413
11.04163528120129
18.738067782529537
35.08092303405313
56.45053979560018
34.31592778222026
36.57907037100579
18.536762837260152
49.73844394677909
43.07911735260128
35.66923807837005
31.922505462111538
40.54647653899927
47.094940522994236
20.597396246189145
32.18309114768849
31.750359048661654
11.46873327835517
33.62796000346849
37.34661553050127
34.67946778851812
31.14503488901022
12.134336341437237
32.2645192827071
50.252704945580525
24.616840414107408
37.34852386683503
27.304641154607346
6.282650820493634
32.246567851619446
52.80043426814028
32.36363052153658
55.193494535224104
47.95023772218399
37.649035434488766
30.904559803616365
52.38424621743857
27.722391500086637
36.520290829055625
52.69723881610842
23.673771170725335
34.86711999602932
44.56273162591
19.00659440191484
37.274242733839046
28.009305391361956
36.29025564049422
28.3837909910285
51.69995043806074
38.63973037195502
45.023080221204026
13.79279483224584
28.481209831202886
31.207499272049514
15.595568870457264
57.72764122841592
14.521971361026534
40.38413392850525
10.934221783963643
45.924957420667155
22.941714485436833
36.68189932209462
9.919712675874212
17.92214354809924
12.388510933546314
59.77335027363702
39.22122507325411
14.88453786170963
16.93856747876606
21.25137715358439
56.71858104734102
61.259821971443074
62.64642007120081
22.569259384261677
52.112435522142825
39.93677022908556
29.995175239835547
25.203427677118096
22.505696117069345
31.974284399560464
9.801696024669585
45.34075669371394
52.222742472768324
27.822939525566394
19.40539837596708
6.525892183663655
67.92629379785006
30.37099328104476
46.68337465783562
32.475031536627135
38.996445694664644
28.678679723338313
29.931358085402902
49.23652413566802
60.3317054620303
48.987838033372014
14.987786401999935
32.002149003656314
52.47170104174913
14.899146576325425
32.83554992741559
47.864329004071024
5.62333361417268
51.1652314593547
36.74324763738319
10.312379200369923
25.676212316919575
60.82852991870644
11.83521895867284
32.737696610414005
7.91035627554198
57.11587048118026
40.778122487488055
48.94496302846525
22.709226543185373
30.554421349137954
31.140370574975677
5.211376694182178
21.294669405742546
4.320755624142057
36.684861991334806
20.31250800222562
58.47322069513541
42.89963548117296
36.06025655369987
28.376083138951557
54.83252266982055
22.263734730193597
35.87189834495513
35.319309379680824
38.33478861232811
38.519177344344925
16.212701251636382
25.883906596837104
63.132256386161735
49.20966378566982
42.21882560541085
7.423430697061802
26.872641830180807
13.659599075894223
37.53159654803207
29.067408114952492
47.439974599997214
27.73056609057853
30.491456849734146
26.95340075977098
38.27826661690851
33.453897311511554
33.13427831023385
48.7475832818094
36.78860547205511
33.20923788205026
56.6640110936883
40.92825473410641
28.598137383031684
54.66765165580625
46.47565879617313
58.113083033036695
30.016217495821166
44.045883251581365
22.176576691699776
46.96079793087175
44.60366385319301
53.74561189421047
38.18601929104592
26.005142967249892
32.75075951435597
57.74194405721586
32.6757670698852
19.006908696672436
57.44899971243598
44.720108467316585
38.624799930751585
41.750008644062746
10.973890224439643
24.214052997708528
32.44125206967635
32.702569728591584
38.92321277422869
28.562302321208456
39.72902260727423
4.824623013108361
28.013565871960544
23.747513552238825
57.24549253351093
37.86226700458803
30.576332019282418
43.09030033934977
17.278256456952377
27.50930404730832
34.30326903690682
31.966393621787798
55.60289541275961
31.15653211691865
31.74208005397326
45.93270434838267
47.35639438854164
31.02439319651875
29.290506964228985
32.967068021396784
45.99070984548636
16.414618373857476
51.90226565781535
17.744746827067956
13.96469393364136
36.543186414852755
16.850671613858974
56.71899965713831
56.00055975995687
27.8784277955372
33.872540559980806
41.521425652011814
24.48706179449276
48.749702966777726
24.20323760593231
11.51703775249047
33.3118497134913
32.24387936617034
54.320308498592944
32.2938627315509
18.56550787093103
46.2961999232551
30.24108042139572
52.83601507650449
38.26359360068209
37.41090690059407
27.041030197386668
30.318454686494192
0.9848605181422743
33.764139397042754
63.77884374173254
63.50479271448914
19.38115244383286
44.159955566454585
24.368335361397854
17.81472286747013
48.77043358429027
25.089217781116485
24.278600631631623
44.77348125076642
37.314693503665296
16.71515694121827
29.298154170255806
48.42788986277076
34.695143897716804
28.24343118530506
63.07200522399663
14.029543408307461
40.47233962982004
40.00605024882586
63.58165733716881
25.058291378598277
43.847323085470194
21.06743085087665
17.167369948712654
54.737426566922665
42.40741057653661
50.954781816367046
14.875136253213718
46.74477311652447
40.756919026939386
36.5721154993253
9.13832567205321
8.499151961636274
53.621324538997214
21.522640963669193
35.65212748503544
32.61889279524777
25.497748643247462
4.221772677475103
53.280990578400875
12.092081424111496
36.76750148348272
19.672413141458524
42.79127973834036
30.36374995563442
61.34922145379845
51.22746878866475
52.221084680907126
41.90834959953561
38.323713782742416
49.52241226373093
25.080138596477397
13.975703317988838
18.417090203682974
6.072381888257542
38.92680919686478
21.424117887930013
20.798758123553057
53.576052335602114
31.508333414242742
38.395300169498476
28.58368311721908
6.195850585048072
54.3475644706965
20.44580025318937
39.23320946908798
28.961086909771495
32.84453348058234
58.52712111250231
38.46134091632925
17.21411970054038
36.0239484571976
40.448529493354435
27.11625832328533
34.577805431092045
29.857438590473347
63.045371050904684
40.987880968020164
37.4141451319418
53.51308670236082
27.582606349523612
39.63756412183669
40.22850724027976
48.02159588462231
31.01504941549155
41.76164251387288
39.92879766208488
2.3757792317551907
42.2371313274314
28.629470575549362
53.06267717800743
23.679385365603185
34.03658879601204
22.139036588273495
53.30496040065711
23.755336659352796
38.81332735093166
25.49954609435618
40.20933866866018
51.493255885548166
15.704856143501337
23.435032031989774
36.409877249061154
7.433785053909962
34.45481168703786
26.356682888839632
36.26884881175283
21.88344868439087
29.17123062430863
18.245020087837236
41.949298894561
46.226476215044784
11.869618586492402
46.48708151524691
38.62070298384319
33.88014536413134
40.53881009092676
18.039775085736473
18.63357044433768
25.902114560352466
29.200128779500282
41.3212980648898
22.81744439142328
35.2319517365977
17.85593716916103
62.549939302171566
51.3077949645609
59.440104643676555
11.29117749921775
52.98431315675565
23.546994775371466
58.5864582994597
13.444505520069349
7.9155994867811525
28.460438904147306
21.720258946389837
31.333591213206958
14.924013491795899
29.773511621986056
40.34114692727219
35.9977182155948
32.4836232509801
9.495974950871005
40.87245786153258
52.54848600213846
38.991899318589844
21.041419143196624
29.710971414498744
46.39978312849151
21.80144101839228
30.967619853952286
23.92371749070717
54.887437257201256
20.77255601097621
35.962734955515806
32.38874707564365
28.167223439223605
9.731473460232195
54.4040209217916
14.771223293645313
17.811789624924945
45.554289640231985
40.279245561579394
29.81034635500499
61.27842133469433
18.808612000814374
44.337181887342325
26.67879087224845
56.2677931285744
30.08902052898282
30.331917677083087
28.07642659005502
57.822034365547296
52.527392937148136
36.69714862382966
55.6148332121693
14.864389797689356
25.164631146825272
40.51380510369768
42.68237778085229
42.819741081291866
23.973951127342147
11.026710299080833
56.576622155306076
37.35650875723155
51.602542239087526
32.075894579899675
30.209119139995934
29.152750894725216
33.114584210959244
19.27851464279754
51.05418568976945
46.49717469204059
40.508672189035195
19.032247224038812
44.78103291483184
41.111757274529275
42.56737381522272
48.233774352717106
47.983688882787256
43.85950651158653
18.59700577585215
34.7561993765901
5.962016010792528
39.277960889971666
32.030158669399746
67.56716672655293
37.83339869528418
35.74275788711751
24.329122646853634
61.08506910398445
30.870462256380048
50.94080042923794
34.3373832862662
2.3483414228039923
37.049323797925965
57.22484916642641
30.203635834707427
50.016662769232
24.066272409366587
58.59777073952715
29.263395849013136
49.223774816156165
43.76576043615506
48.73411877505509
41.90891707151948
42.69272553846358
31.06687624528299
44.4432577104956
47.162606078674315
33.55826470104249
47.4652429294032
52.69397039997989
52.9411422201942
55.74328139271298
14.380838622850682
28.250766827783067
29.09375957078273
33.04290177671726
42.52507658227955
28.997588199450604
36.523405617567064
16.282122608629336
17.93379979798741
31.30194848289817
60.78569689591497
60.45927574893157
35.32678283575262
15.738004725334351
46.48781227666673
51.75211277381332
3.937354336443773
43.78009584628876
42.81208587677322
25.65387013749391
22.788809897556124
39.82313186815212
45.964478004767415
8.63439720254803
18.650544847848536
36.9002090918125
5.312366550209777
31.42069809126386
45.10403156545406
35.340581414656775
44.502676912649235
14.126571296670598
16.590312276987042
21.537243398895946
29.204559584141585
26.5610752825719
52.093402840874745
28.494999092529344
29.075535753402107
31.73001128445626
35.60060144178832
55.08479878903886
18.03318332299439
48.8959285235191
25.09874026544138
46.93686632495009
35.30934747719532
15.224244801172775
14.54891219418987
32.94789666677367
17.155372561039165
32.916445081679655
44.99064108398548
31.786895695743063
16.543043337228383
53.46951262800687
20.11525048155589
38.79410160217336
37.37096034966167
29.983211653278058
35.90182583120803
30.20289179042105
34.36982285846079
31.553599743935834
34.71490052320613
41.27768951435145
32.79662073288419
34.920163983951014
45.24446372566896
16.142133614638823
26.00565523926809
23.037521236506173
28.63455245204261
44.10722195281129
15.057211206469052
54.79117064400265
29.44467958844287
52.45521964084091
34.083217665262474
23.838833436155298
30.269331626637268
25.946664199666944
14.099911484706663
36.50917589532141
43.63468431411289
2.595491562017716
51.5066690442073
52.702563273798745
37.89472590791244
36.04822119324477
49.15781784491803
25.98488192246232
28.91064017835811
56.410250373648736
29.41676198181336
49.475457057823334
10.481143555594333
39.86387808706655
15.25632112468457
39.99919073619484
41.295256574285695
11.752440654290513
29.054142312367695
55.263119162430016
21.05317848362658
41.08669092417121
27.71073032203442
40.94891138330082
38.620492032623424
56.06704458455411
31.865969834387876
25.124640904684718
29.114670846567464
65.54308636703384
26.72058636727971
37.35129929552042
28.993665173298176
44.079461315844824
31.081056538816753
6.523081774878969
27.355556118181145
29.54679177849151
20.5234048046814
42.86137828362088
19.65105656400708
42.736560422668504
32.6792272832448
23.93971249059929
15.19393405517298
27.244607012821664
49.72875088428543
44.19940917067777
23.26412203910177
67.6616398357728
23.955163754629908
40.13002272051881
34.231459319134814
55.2295557553842
23.247872164680587
32.63424442791891
32.33253482371282
19.165904916079338
47.75672062615105
43.03025565035149
27.369591580301783
27.431898054879778
10.682806717819886
41.123070942864864
15.53125678120568
20.453900130752935
51.17755078548825
28.594213405092162
26.217906937219713
28.765535483792505
32.21508149381704
24.759589949579166
29.694674121299773
13.718241973491844
54.233387934604565
42.20606449903788
30.719595077970073
45.60548832473563
39.58153825683712
30.885554863680596
45.818282186298426
48.0368265890111
52.811433619229994
41.92924400440886
4.424772732357265
59.71854355235428
41.930322151387685
35.227743906439464
29.198220914765603
40.40145126265875
51.00102705140485
18.232259545562012
38.721347404631146
17.750823138070817
42.342930387108325
59.04934442146006
46.04438765658987
57.56984127016118
33.078582393753685
42.536385950285265
43.467257335021976
34.97045495677803
18.659601373163603
13.745563946062887
39.32771977287316
53.086571032997796
20.57818428625191
17.371034073914057
26.954742217845137
16.346991718121732
49.32159663259484
31.757144083484224
36.00114676910289
32.42110151402874
36.182906764401146
18.064790837303995
40.891855400369245
49.90299448382802
22.99275893295585
34.88763739738457
62.21959455453022
43.97396720521941
11.450383515965548
13.58392369828805
45.650165709861724
7.570509982480711
59.575431912822445
40.69394257151958
21.905171263211837
18.716755242527768
49.896711449730965
26.062284880751335
10.457866071217264
25.576316894436097
28.41487888170288
17.41436726370693
51.652555743437155
49.78641431602698
43.900968263255415
15.556055612699948
3.212604248255742
43.59120471771874
46.53704542303221
55.08870410222846
32.29002457951446
67.43790372069176
45.37799963722579
47.21730981018274
24.23068001419955
39.888091704292
47.35066289897057
28.446801943586152
21.07512256540069
60.358786550232026
34.21887941753823
54.807757148805315
49.27582600222014
34.86924365196111
64.71732752631108
39.77348234128401
30.39689454111757
30.378709130334222
23.944679822747723
39.09427579053351
38.11853812486749
39.44941742648949
28.492344157854493
39.215115513832025
34.68107863090482
33.901989232038744
44.240882503651015
12.091365612319189
28.715524958647883
43.198796323891315
30.327939231007527
39.63461045502193
52.35850426359569
34.15885257016468
16.491115887311082
51.49407824290911
25.951847687780422
53.507100978361684
19.244745484598276
55.199445067823305
24.466459702344853
11.864639745029297
36.86437993612492
14.81509332211857
42.40728369986809
34.9399735450348
25.674568566904732
51.743603616449136
49.49165018241359
15.630847658424882
55.57287572864877
54.07748779749492
4.486718637264803
31.540056773221124
54.99407582220161
47.80084817075226
40.921351122134
32.07513351059013
37.6033811681871
25.34794635198948
26.236071477030066
51.019663718683304
33.42860764001243
48.694424958713896
34.80343671897077
12.46421385799455
47.709852515753965
38.66047176864841
28.84830145245914
39.46974808478571
46.17648203794664
53.58232259135408
66.69287792539444
58.78696127560941
17.822600914902814
55.331101106043896
41.97169413883605
34.67407802774812
53.14932116960638
34.63103156459863
2.2111005603934406
59.849868648253164
24.785549381670922
47.53929203859589
15.355375785184375
42.35043852779771
18.79610131270293
24.283788106426705
60.87269893271515
35.30442593353948
37.31853628746876
27.72435054329513
39.621357855079594
42.1378760916829
57.98006903221525
35.24295805739941
35.89521648940445
33.07717281068851
56.52093900074917
13.785174912065095
27.05001199174716
34.256820331343924
13.486719360825758
36.14279867088379
36.97216287533625
40.274633672299615
35.38824916321202
18.907052066934284
5.162527962984633
54.44036960075084
26.66592854972791
23.514249571856688
60.17113758143556
59.57963298989694
5.942610077482587
34.852771780073255
37.034681797659715
2.622367007636446
22.774571383499662
7.194037207805499
45.657225723921314
31.582403777999627
36.82426662638238
53.90695890189839
42.91119760380252
24.146069744111337
48.33549700016143
38.36578082592489
17.32980318085793
38.75151729354579
50.13696431699268
19.182007166406986
