[X]:
22.20274184970291
24.62146302251254
21.13752244800481
17.037893082642654
14.090529888822065
10.44465632061966
21.819006870744794
16.126970101114214
14.34524264925566
10.193549099550072
6.495686554816207
22.265983531405737
22.642626876935235
9.006862877283076
4.351283908455336
12.295752817599382
8.18572528772689
18.572199814476466
24.410704099398313
11.922983632714484
3.8972912374765496
8.382932700984771
18.265044124200568
13.804857317535166
12.14673846573918
15.079785805851559
7.399478088155181
1.2358219579366918
13.688793491915499
13.537636563300397
3.5682425703368494
9.34382034505958
6.847102659384988
8.683219845136698
11.621514459181375
19.496815306198062
21.514341214984846
3.726303105723425
21.17595344340815
1.4351956116751468
4.353795453903075
8.607730622618504
2.419205538194549
18.10328073049131
19.895364077364007
6.596214373469578
5.698356140776589
23.34098182042444
2.2559932265085654
17.78592965676366
21.88330750586317
8.25922245534957
7.078938783022787
11.67313326761593
11.35169688078676
22.003718619330225
6.385935647119164
13.224427101462922
16.314219962770075
12.948820252938178
15.351612526475499
19.11139832294559
1.0783036740069973
17.880612726094693
4.953040441815307
16.763108678466228
4.793425268869433
18.520102457160302
3.921568667989686
17.64993801013591
18.789407271306565
5.672447617851723
10.460532982179894
9.694595815136834
23.87042912097039
16.494842239991172
21.827537073683075
13.687979807191963
20.327691637915972
7.256165888677879
6.826800656615931
4.491169173928999
14.216125790673608
11.760696840340614
2.773960288552474
9.96623596547552
2.4486050852648127
9.477568541998385
3.8740471339331255
13.051031817338494
21.280179541356432
11.695428512240841
1.1699312847698706
19.356372535714456
18.8097819702134
7.861672413838231
2.915560863135383
8.287189767075576
8.993591906401877
18.911204730423215
19.10196730058044
17.614307570020515
24.647379141509113
17.94665334822087
15.830277268366583
17.171356253851155
3.8338025730847436
24.942557228942615
17.960419250661527
14.92877919218042
23.532681430056737
19.743526104798107
24.66406147007595
10.38427841510231
9.985993991495953
10.102666093483906
24.436725702919478
16.179681801787286
6.794563477590959
9.174328823516529
16.99808802830916
16.58408441701168
11.605951856819024
18.397593455767442
12.518413873586187
20.85852242674899
4.142836467883695
20.770524680101023
20.092077541169896
1.5822818527026299
23.60905994844571
3.8085414853858692
0.006494024588124536
24.298456866423376
8.006341734328299
23.503914471017477
17.843243785183546
21.850962136480646
8.93220253561639
5.5710994528179265
3.2716152267617926
16.995557839543714
18.54757331309429
4.919262985199427
8.900479445099274
15.279041336973156
4.8990824591113284
0.7517232112495442
11.528195101015667
9.652782702338111
1.7241697909096354
19.389383159113176
7.937143226105209
23.44750700156164
10.848574148792336
14.695476789491382
8.41763760884322
14.64388278739183
12.09866853275276
13.99875424865333
20.45808845332505
2.782327623684813
12.044334617749119
19.847762464885918
4.162634028026768
1.1320259547476423
17.500531784431214
15.707063222552204
3.3861294664845527
8.635382565077002
1.8446449623583716
2.655943018984402
4.900937331894584
18.351768901019135
9.442875313416522
24.14758429233085
12.483464501731556
0.5794127611597921
11.959682021086781
10.453748145437416
21.636871936183844
0.3384484328046611
15.657762887765294
17.926443614503587
24.243510456846295
23.86521148180975
5.783922591349391
7.908406199731665
19.653280615488676
17.212886449778182
16.43714017778777
21.32861699566694
2.4852045781629335
8.13983069720376
2.572362349490556
21.451708918141264
11.666801476945738
17.211436467774977
1.2148474467535393
7.605988696847488
22.98312992472286
3.6803519504201603
15.627516478184763
2.968508865964342
18.13472845829393
16.418556596001782
23.4589992136234
7.924869952746555
19.19790128737785
0.18039557680731566
15.38717095865469
4.062166497159437
23.939485269819404
22.413263043276267
17.990017755939277
16.047391776724652
10.830292997801868
11.434015371037507
22.332236143550613
18.872018021754705
15.841514323730307
23.98415952359664
12.506186546063244
20.230545085316283
13.44493898094502
15.459673628003417
8.183728127491172
22.082138503602
8.24673209760283
9.092701047393529
2.6007213767671207
13.973680975723198
13.084313534904732
23.952270293422885
14.970379885700346
8.228358763339772
10.639165579187285
13.342731209821382
16.639503345202964
24.08485270906177
9.694468823807528
4.521212110975192
14.303791352499257
15.754592081211433
17.676279124139864
11.777920624906512
9.292377859020132
19.627190207194463
1.493655722834883
19.513125630027655
2.0849856974928223
22.82010737806324
18.187455985304165
7.799835408328764
9.068938610651788
3.1192180202515853
22.00629906490331
2.3018913978785194
6.956315094028295
17.765029433472638
2.771409243426473
1.7631026985501093
7.416246765475654
14.806655322121662
23.572334238223394
2.5451824146084183
5.495135915140767
16.16673889427433
13.132390686445778
6.955703840786365
13.84095279559675
2.5339343235195906
15.524322875750565
22.161086002334212
7.5800238335484025
21.96961198919932
4.510432407425369
4.34341997911794
23.255806281706636
16.16606029898148
1.8019703577642154
14.261527762026471
18.57700020222894
3.885280596213139
19.534522032020124
22.31248633860709
13.68431323013382
16.424817534497404
0.26847990339583794
0.9150657967852333
17.92069307332316
10.092180517889263
10.823357891869145
15.02339321907412
2.345145285888903
7.230961773748746
1.90002234607419
8.586436998284169
13.1011795295153
5.831312760136304
20.964804961879
11.711122977217617
11.876116695624889
11.765109006230867
6.933846670359786
20.349505442741194
20.41054951810362
23.63671917767077
6.35994308617715
9.886978085427003
1.7795559004871815
3.694298464350132
23.650138103664638
13.523242982799125
8.749767022364855
22.98810493135495
9.876266060112219
23.650909053822875
10.031821286035827
8.565767547158973
16.964752709924223
0.733942595070608
8.66640073807012
15.341396908230307
7.324562506744725
0.20478602331036322
11.50469547087289
6.96781770635882
9.97184382130942
15.698276263488802
10.836903395554046
6.508624860598367
10.775863092200108
1.8783931296785739
6.072623667702135
4.357263080701762
4.978984184769619
1.598220543853418
24.231336924127266
12.958022551450554
16.870223853346296
4.0468802738135885
21.519418506328574
13.549143698356545
14.900766921754865
17.2367339897435
15.587875272229738
4.949792430314314
0.684683815254275
12.980719426314272
24.04987040703687
14.077702513251275
12.066449467789065
11.35512999124561
18.97284988518543
6.7345028828291635
12.24162520402838
4.524319679781177
6.528387860516063
11.12378877919783
18.389449130877754
0.3484908109617324
3.4539915589346633
14.082460687076779
10.552918282508253
6.8301325575010035
13.051087767183317
1.7989681246822709
20.27013464770878
21.824903232973544
11.431312780885333
23.580993054499373
7.313512452276469
19.81236585238606
19.98787364840221
24.37153475355091
24.576982551364825
24.54907445048806
19.063780573875164
19.115933667462343
12.98925367879601
18.7681677553063
19.53393186773239
23.945093047056375
19.286500100854028
14.605582463936265
19.460696550749525
3.5592431837393272
6.739532077182061
2.307389416697661
18.922066283633214
1.4485141721567674
17.283475113322705
21.14387025785184
5.340264246378884
19.232085656461305
14.817588354595715
12.143326845521148
13.286658023748865
13.512985338541375
19.66499042142417
8.018445689670632
14.871232812053178
19.95937252441077
15.766598997719052
5.275411233431038
8.996083224539214
11.28056978680458
14.694871827099226
0.6991418684811179
11.352143857278008
17.981591478880393
11.235376447641984
4.820914637749199
18.671616304038352
1.1551668007605516
12.819382440867727
17.28111338865841
15.324411103088426
23.06132121896242
24.10855033584138
14.87948656099784
5.324319346187803
11.422308183416211
1.530185910011919
3.8192105656774835
22.185479813321866
14.053919496700127
17.233520819265337
10.84744102922116
24.63836920652576
19.226001731591264
3.749048664797103
8.32754367233856
9.222401590969612
0.3480567824482028
23.14099716445249
12.483622529726778
1.3729129119696286
5.456185075513178
5.35777101690407
2.4635691228386216
0.5851689944434191
13.829881141457495
1.6051989569880798
2.067143882896383
5.016197736263633
16.590438751247056
21.12970172767045
10.285605679789764
19.750834046869194
22.23989576084794
22.126380959667223
1.6606480737114238
7.733596834898387
13.002942057249637
20.55557423402703
9.466987078524172
7.170343582372493
21.947982065662682
5.990144758331911
21.108598411731915
3.2141272234750247
19.25196092106104
9.487435748060049
8.515029240412666
10.813953402576393
9.357408741613272
18.501520069115475
11.919148791442161
11.808729728396086
0.7715067628110278
13.614142712752958
8.150632877391459
13.706026008767749
17.18996857216549
14.105932190808257
18.169444026690403
19.20990866417336
12.155405115579576
13.028076113625362
3.5872169070993083
15.786263342175163
17.026405422108386
7.505142611282231
10.236329455969944
17.541682995664328
17.092612906464677
21.061507784719268
12.419062297981545
1.6485264166239215
12.545929226795058
2.9070161647537147
6.567392217875115
21.39633231713518
2.4956931937623965
18.48194014349544
9.50472104113634
23.910362220100687
0.6423354228768108
22.02711698436542
3.2871160643948323
11.048433808284466
14.621275267752509
21.749197020943264
13.520452904504305
3.351623371800816
10.841664422406586
14.625528874048479
4.044981254850505
12.552386732288367
5.619432623438223
17.054265734759564
15.220798284718573
2.182053204398743
3.1884743589357667
1.8240591615885315
10.347789489392328
11.0854223810176
13.234343802627727
11.864425837671359
15.137373460178255
19.424778105733935
17.67432612713614
17.078479325572758
23.819689756162926
16.526936870092467
13.362516083681559
1.90155276876717
7.870330385157912
17.55079484801396
13.306275874261505
20.57357736739635
22.471339117865156
17.461573046892813
24.6272924566522
10.077155834764174
7.4345906513504865
22.303732702643035
18.810119164821142
17.149156672650097
13.853720635191047
9.222556520283467
10.47288388434923
15.527151675804124
8.019159744000815
20.84518412087325
18.9101660955128
9.742708302539969
9.515005543759743
21.85142693458093
17.759452555108286
19.738585198651787
20.46928374373986
10.043162512723375
10.31058447249592
0.7514199531402949
4.861466852950599
7.042328159527108
7.171235425624911
20.21635929734842
7.931821154770074
6.734320239639732
18.316416983347324
9.963009958320097
6.774793041133329
12.456811539452955
3.9923502777500453
5.847368475333428
8.1609724337021
0.9748428519236518
24.317421171174008
17.918465685749702
3.4294127463997235
18.880913560921257
8.269669438132121
20.11584738930997
17.549513353434932
19.832500514783373
0.10624610389749212
13.279353460003524
10.509205578852008
18.131844268071095
18.600798806942347
22.988270165827686
11.660987757294865
11.997559321724236
12.945499252836754
9.744771089280293
2.7879608885124947
9.997509302870448
15.904476538594766
3.4896576265856183
2.0738074565825384
10.563176419416672
24.70025121580581
22.851191319203366
5.227456176833931
10.626531833029903
24.777446550478807
17.411474483339898
3.207517177052652
10.58892965488546
3.002193072693693
3.2876543311884387
24.855197207784162
9.713373646349435
14.481213167100393
23.188534482660536
6.46056869353856
2.5786916137666345
16.965758882076774
16.702601512468814
6.832084666424157
24.604758454240994
0.8724425589632767
16.989282908900208
23.659049334070666
23.256074575666716
6.1524168660438
16.275083485090498
12.430828125242503
20.343839683337784
20.21827102210506
5.175057422282289
2.9640459664159597
15.915737966202597
16.400944065338138
17.1843147895326
14.959798684128419
6.177925947083768
5.366403251086996
6.119885994458621
24.76243065775353
14.30990441904813
4.380251368860347
2.138928525549144
14.481351798740954
6.612878624140631
21.245845038094362
23.49013229608757
10.792308845214146
24.98644791725341
0.11902133611006172
16.73935468150136
0.41626683985987734
21.569197830937796
10.16250525446222
6.050199808099391
0.8063948731954179
19.74976385448748
17.118340014058393
0.7805788866128011
8.277697014291629
9.396826594153989
4.513020267710225
1.4993476694200814
2.3014854260362068
4.9856770631172305
16.14295047748907
24.2734687669146
8.321372931111409
21.260442315438826
2.3319827906449433
24.444699016751596
6.9134793347247925
17.655573484248368
19.20956471699162
16.529201273765732
8.689266717451174
3.93926886334838
4.326314823687441
18.897196034970417
5.586215224040328
16.69360860371319
0.3541750311043035
2.5770772375862476
16.866959712692857
14.842885919973813
3.5732974168981606
24.912964324041102
10.619629107654418
1.757588652085376
6.620839103402268
8.24605045409407
24.426586699580145
11.764931403040514
16.146616536444856
23.77818835534508
14.10864820985437
20.623407412261937
23.701676453612908
12.28258964658665
23.018813810620546
20.74959174797577
8.95935567868291
7.700915585202842
7.898940163085796
19.59370026684222
10.73002937086992
12.26350012984167
21.833128976128783
18.595810023053254
6.770332095497459
22.31054080095231
20.465351272483232
14.205738784026384
3.375566765159646
10.369358735773574
17.196424267281984
19.537865050376002
7.9131145142525785
4.937437036612746
21.669366218483802
3.5454632280953025
19.49499591129604
9.500262141154517
13.405451515288242
18.852774761712666
1.689328437006124
20.388820126469522
15.450933930093974
23.285930268864323
8.948191368463968
8.615885321197805
21.83719896774434
5.074127506574983
0.9610450502035628
1.716112196248723
12.075180251214181
18.276279613663192
23.164282988665807
19.662974878273364
12.78501335520572
17.534490051715487
3.944605777973667
15.160642599831926
24.733358249092568
11.185778386385516
20.106102088858886
21.10864338694011
14.24158323339523
17.50465907799349
14.740853766415293
9.342305912889659
21.53157513993199
5.41854792314663
6.535998257223066
7.385435686655139
22.83264382878672
4.138963708484111
13.124276806311789
22.54215738036016
15.878318346998283
12.507381131517509
17.02264993804266
4.771882218020318
22.656950803932208
4.295154469906265
20.809413029380632
23.93661068078714
14.878095769241956
9.106284882037901
4.830445441277872
22.611804047736996
21.99600501919772
6.113862800214545
7.504260982826091
1.2596506642747862
24.95559931300772
14.926091163744083
20.843441308161932
17.45667392857362
19.267836152599248
5.138045794212329
7.043216152684581
10.058651081950257
16.390856640365875
9.877359640881902
3.877076227887652
19.773166939656896
14.114276473753717
16.340116417127813
4.55750603589015
17.018332638492033
0.4311501226171577
12.516682954736828
9.703651233416144
23.296793176499207
24.65264037241046
24.207156669195182
8.90567742056817
22.405709436375126
7.837888430922074
4.37054231558757
0.21017626616521567
10.793012228574819
20.90871074181738
21.455073124058437
9.913044489523665
8.343058749655114
17.9927385691301
11.05918015549016
11.152773708273056
19.928196442839226
24.05057118438777
23.515131971830154
20.617179290592716
24.87349007565453
23.519336772501504
2.570741337935878
17.267736214875722
20.817131586888287
0.8092317495173973
7.935765398571812
20.249144180870562
12.166653200691721
19.680243479477056
1.0475172129574744
20.56636519892377
16.04462017937367
15.725673514223937
11.585795992791134
15.38968810647194
11.20678173907157
3.372609383915795
13.560407354997212
10.383945748391415
14.595090621263834
13.421841028671874
22.131122242781267
24.993465411844134
4.186392570205169
24.6875413835976
1.61901821076465
8.867162210716383
23.109279750712584
18.79972216394673
23.44397724229594
12.247370545516622
20.799432207953746
6.932613752236342
11.981297014617894
0.7429799898951428
20.05428982303705
8.69150260066545
5.380503624952865
9.206695003180007
24.488516417254047
0.864562324714388
17.553201583298208
15.297367924325295
12.567820281203712
3.0884261980913874
22.345413054222632
5.69264888629579
20.37139646499356
0.04188428156791102
17.40091596050246
5.574896045240904
17.70462986512144
1.6791450448129046
23.998728575912306
7.39065385558815
23.308750317134404
9.099203564593743
3.451779892932133
23.481238273024406
20.85910343930401
15.172774663000792
16.75904845049591
21.40895051874822
4.167369056705264
15.685583236133816
4.576962756570274
10.713265155245816
22.4493354035317
3.336876040323647
21.47407361082706
3.610716091548655
4.565163700776381
1.0345525201596317
16.850001092636422
14.213627055479602
4.581247627034807
14.8063020355139
14.946867526029761
8.703196407952662
23.742237185560416
1.8132809335836915
11.697610535099114
6.986938874034529
19.28362303340713
13.169817788218383
3.6896741040125884
0.11980995448806764
2.8957914893402217
24.26077685398617
10.661353330841425
22.92139066430692
11.194018267871034
8.595673613598183
8.54159524617917
1.0912217190465783
3.540900105947997
12.223536603133661
11.290218216584966
15.246397673309914
4.811604121164501
23.794336511478843
3.5097037177693524
13.299990121384845
8.795608739231156
2.5519162208372665
9.189316854691022
4.868190250788961
4.725382491675576
0.9790550633041628
20.383778149277422
20.098156584371207
1.848963670657247
7.3240368155714695
20.525249236389822
22.534430622244066
14.31100129598396
8.71322418125542
16.296219983429108
1.9438415751151572
16.252907710262313
0.6682698939294879
6.2329543965676555
8.637346863860765
24.653659474477703
3.166565203662888
12.962707778735025
11.674488460783069
19.06479183141254
17.95008731551277
22.661697052032896
17.688960684594967
19.00096119188986
21.359803826386766
18.76861967783497
5.780094012547468
0.24883929386746717
24.727301721440842
18.418710045907854
19.204878215376507
21.34767029039855
22.395160006710338
22.701253146861326
13.854159591434861
6.699825461168841
15.633665829118298
6.064328979645281
18.930335267369202
15.38042935750011
23.097468881572027
8.996412609581867
18.077401589550085
16.684809810374862
10.48492106706238
9.57707239106719
9.633206481218123
14.708443071298962
16.993584340196495
17.251467818190953
8.631930085985031
8.528284923102946
20.354897085371988
6.704174672696844
15.53559792382174
2.781712256020197
13.885525028375428
21.278475161771095
3.764374985614935
12.812377006972875
22.48727571583362
3.9979571168131582
23.955766137712136
20.01859121045352
16.805790596067315
0.5001794285790145
0.39980679775348804
11.045879306186956
20.34561853004866
17.376666572576703
11.470807028048775
21.28024667249591
2.85573098874134
12.980682211925728
12.342257629559883
3.7135019069678754
11.640267135068205
7.190832393869629
22.83649140573084
24.444551483385382
9.354617556382022
2.703378044383747
3.742242584203184
4.571494168526116
20.240317691855594
13.085081721408692
10.720798067287065
10.959147025582974
21.19017519872358
7.691827080179944
17.02121960783409
1.6939654106260775
15.204363032813331
5.77598248075325
20.733710242891572
19.88841955748336
16.778992331148388
6.643543234947394
4.275230104831215
16.928599110401603
3.9092879557489386
13.564830640895378
22.41369199780541
19.73586787109519
21.490267181156835
13.002207353284723
19.294822394454002
18.987895607984676
1.1049665818576804
5.189716056511731
6.990885817977722
18.777997239897832
7.6173205126677965
3.3687541036714066
7.904096252632464
17.86515064979267
2.198098224550521
0.0796457097736708
6.49891553922296
24.71895902611122
24.898238941548595
0.2394450456502356
24.007462585385355
7.58498387726281
2.2331079763836694
10.832569751146396
21.472805517908398
14.855357818162812
4.600878500725825
24.188903627782956
0.5886251795125197
0.06335379958917475
2.4927220718706398
8.960003744731534
23.17881641048366
21.667964053318137
13.129618821742422
21.621255319811493
21.213004082513116
17.258450598265135
10.530055593483853
11.922224748530178
14.483878301135537
15.329550440080569
12.342824023670104
8.526675918642995
18.385097745799563
20.859985157658397
22.73872695352531
0.6072654882497919
19.3134218382044
19.770452583510828
3.7028128108706566
21.09356072796966
6.334591905196022
19.32359611066229
5.812605236772575
23.32274841118546
6.065032426410857
8.254457488737007
22.50654014562528
14.854135686762996
20.913174150745103
14.094423953121519
20.008282967939987
11.974656523863098
0.7941683139578187
19.294972673492563
13.202360448132842
10.84606805129166
9.155335786465981
3.0576855876090687
2.094839124111261
16.313229966772962
14.550507889505521
17.16264329229659
17.94469040943278
12.053922323847818
23.97041321927806
0.08995864137361642
12.131646283379169
24.408712463043784
20.78857002008106
22.52190407029461
3.929433402456195
10.670923833605862
4.289526531632626
7.571182671207638
12.577245951037844
7.032928170461602
16.6820119935495
10.93422610257665
3.1088556411960067
2.7916663936203676
14.851742878006593
4.750430421120153
19.893174786858832
23.49504181215486
19.860312513914977
18.042826852495978
9.913154971107124
0.002555044577456922
21.053035645886467
4.861173149124368
17.62576950734908
14.802637675173768
22.697810128567365
3.2370684707533988
7.186216629978434
11.684023443487124
3.5307593616354604
7.4548418631258135
24.33158962880453
3.36872899252692
20.698400371606926
19.955193962066904
1.557279388166266
16.022360289556335
18.717677437477104
1.4684999856960979
0.6013278110143405
6.313037252247816
17.341455013415963
11.076948365221876
6.559752730741783
9.000762085849468
8.150589048228277
12.72265152182172
23.575603729622525
24.800339750878454
18.803970187247977
24.72105403189332
10.09055063408508
9.947399101625626
19.60416426686735
8.63421809548021
2.2368547814895474
21.223128001145792
17.090326062542882
23.86342229428171
5.387431820594774
17.55259252873324
13.22812926613541
18.2298031340585
14.669238498518553
12.168385218909952
11.773016465174358
1.9065668914013845
20.560946815710455
10.765821337607765
15.151426082487804
24.827665101641227
5.6869025415309835
19.264321318598476
13.80506524082032
4.632885966505021
23.23518941096543
22.437052228553256
17.027806496344077
5.0340454797035
7.330289751364635
23.84939194840607
0.6287576116922183
20.919337821874812
15.118019565155949
6.577545729168849
3.1288638293025084
21.894789553091847
4.296632085112201
14.318666547953264
19.62605117767611
20.9858990523691
21.060980286190272
13.50164703786903
13.072998769541384
16.02604044840753
20.588914499768315
12.967808205456077
17.696541461037157
5.623577711930783
24.828821063548197
4.893386925346749
20.523567299681766
1.0670508066388529
20.329110710917085
11.0909107295733
6.70867067058569
12.744786317292428
11.196451497554543
6.051356679502126
17.714076555976963
19.54111178790476
13.920742315124999
20.361439836522287
20.5091824205437
23.658905142789642
10.809186220589831
14.444983095519811
21.084661728119688
7.041987095940128
7.579479224125621
3.498976200888315
19.584711534690737
11.988222708699878
13.877990609314583
15.653419963602438
15.174083376001404
10.76811805099398
11.859369262283478
0.18055897773436025
2.2287994213684796
18.020811954083868
6.538119141067386
16.026106554553564
13.203991742316646
19.073561035808144
24.33323821915127
6.87328895029668
0.6860103913589488
19.987071607364594
21.083628836164035
17.99569025542088
5.127276493264446
4.833632925413442
11.264471079857064
3.3831694656109272
24.758879009059793
4.332239449990191
13.52906392145892
7.832173659240449
1.340732631596686
12.865839710867688
15.379666087284507
5.85176541687511
16.886640277458355
21.528329117842894
20.12328915272807
12.999409669842546
1.6734824789655405
6.126779702478613
20.783735586599327
7.40599103541456
4.99580621982337
2.0617812099867323
24.64139447890116
15.799589294297132
22.63304393034064
17.25255953666872
18.15470613176901
9.796207419487468
23.13667576121904
21.883613604986216
8.048304304602432
20.292296304443543
22.821449975242476
19.071163431048415
9.502328210702911
21.683339035743774
6.0862717076265085
24.156951163329452
4.388606153367788
1.2831729167458978
18.382353342086986
20.664853827674897
5.022515542929639
21.36895906748934
5.401995939389276
22.865307885348596
14.626204292420738
20.49861568081139
7.354559339807556
14.464365264860813
6.905475396072988
19.91278201279817
8.497412057988535
6.007722015581582
14.512427386127397
14.512171963085162
23.27490078859569
22.869551364533688
22.329591876498004
14.734033881448786
15.094651296570985
24.47865886229815
24.002469171617776
7.672930789603568
19.13004767132488
14.724718344819662
13.951146616415286
20.10637548461598
13.564801335665514
13.999133084591165
23.012680865730356
9.200714618103254
14.402441664072391
18.063489305556253
12.14670688974167
2.041595245215469
19.460025995763058
5.575070656044584
18.021231316088688
12.45454099848842
16.74958624570619
14.485029466387173
14.215131118937968
0.6745267758141493
4.800200054925438
23.969149446277854
4.523494936270595
18.679410087695
24.063474094047056
22.524793262088437
3.7366563145486973
15.219640951034593
0.06150947461733003
17.441597887377267
16.359816458239937
12.503695913577397
16.89111512687365
21.624770064898158
19.00809291609561
17.326043890872317
21.290180583925473
15.423853347737554
23.418636437694488
18.121965953805084
14.428574847269296
18.0099672907675
4.772627844401259
16.90827006946468
18.790140322571762
16.298972180174353
13.494803118628809
19.98243675961958
14.583593920454655
9.522119271823406
17.37587488869374
0.9395472804618304
16.622183278492507
6.27521679005936
12.377251767252451
16.403686052985755
12.8610204914872
10.052528714336612
13.46854934189427
1.4565710188957193
22.052432869083702
24.362651154950676
16.017599899695895
3.9229841949612902
3.9752910133001693
12.08498987868127
9.661723863182207
17.503792194882084
15.376182676953057
20.67615546019867
17.716730703338204
3.3414883423274504
15.91980320321632
0.19055827409848458
0.8939996942575162
17.289429669854567
6.360479450633816
14.565626321133498
10.129709618897708
20.312486014579967
9.980527338886217
16.87872662087376
23.827060065766865
23.683753505139304
12.533940264643867
17.78111783088378
16.99803990917042
5.264723001700378
10.238326524149674
1.140159086835388
8.239811776379618
9.019996095041044
11.298571396118378
23.470045568758096
2.8375184855467777
18.575029727651724
16.48587868453708
22.875413391153185
23.58527142706172
2.3877199496138117
7.108932772189244
4.8266366904623075
19.72297076541112
16.560051969092118
9.674904629379032
4.625822620592965
11.838492900400993
21.369128247956557
6.983356777107061
13.183996692737576
17.90827197147876
14.284077887489177
1.1783613152568568
4.056415787489939
19.8687068081658
3.7512674489597915
13.956400374648078
16.040894961621333
16.375102697399548
19.653957856349713
4.346727606257258
6.7286607829419784
16.421264565352505
22.174076408768993
0.08778143505528413
18.34532968339461
14.29060599724799
18.762971544943404
20.19338797834667
9.369010717708809
9.982910230701552
10.929608921758485
17.023433118438156
12.73440914951677
24.202262857653484
11.485055984261136
21.693827223579753
4.54131588121042
17.568858279930698
3.66706930431715
5.3883169674110745
2.029152733145001
7.0446454382709325
2.4822182764085543
19.583639437634044
11.83609124038667
4.0678437323645955
3.817177928251067
14.207020333764245
15.207192556860583
23.2205736203001
7.924340340104935
8.963926836145383
21.675843670028975
19.300133334621698
1.286465658005978
23.39348820663546
14.60338952294437
6.145445928950255
22.5891771873241
16.420484054392887
2.851793736214378
12.796176455736896
8.54718385760458
14.432917418758587
8.192912160062232
11.898994299092495
10.34908385148077
24.82204963878797
2.2084861977384462
16.85506266622068
13.035266515195175
2.8704707925076898
5.35680713033406
3.5471929594954377
9.554642836935844
1.638273209853705
15.174256609761077
5.181403926655529
4.557009229102363
15.040487731759358
23.50402138532713
12.488812249808545
12.252237213235743
11.039484198190502
20.844232408992607
8.850502590894163
7.283454066783435
8.739813850907433
12.693043660417397
18.625835742552653
8.07031482881756
10.246722644613943
13.800686468612472
22.211085384050413
16.36152029148276
9.152828139652902
24.110304572155165
22.738513204536627
8.434092523273174
6.5740927697317435
23.116748643118758
11.96660223106708
4.988708212057002
14.33000148391037
4.035978412394583
14.968572377279079
20.444022824197443
3.678242596356221
17.19962368575463
16.483506671359788
3.3485183460601977
21.060337044852076
6.837881848027472
21.774217865061125
1.0789614867774104
13.563282352116413
22.245350281476863
9.104841322068488
6.789071769608535
11.890492040493484
15.520394125005529
16.74727180102574
21.80812572977702
15.13591056217255
7.87357923980681
22.097261976974
21.467040764631985
0.45996698458178886
15.565341586442402
24.22283435704889
20.813911209387076
17.15628136138743
18.357377265112127
14.449706327443208
14.933987287104111
5.09835302706633
15.635442204698691
16.696809493551957
3.6756898182587676
5.618197617737889
16.25757253214127
8.732365612330142
22.6963511967774
2.0253608283376745
6.133510979742532
14.373225592641415
8.893080740531955
17.947755902595183
13.361208585792022
21.797650301016233
22.72880553193567
6.290113902072861
4.910207106174575
17.969639220459875
24.31233117678064
22.602685348981932
20.503515388111353
6.480560950153147
14.563244678411246
20.10978005951894
9.444723870241983
23.808520521949145
20.36865677348118
10.097971278693816
6.688639275296959
9.651239154967728
12.358994380149637
7.259710602052069
18.255476227196194
7.464685266170834
19.518883773894196
24.820892681725017
13.588160818888987
20.51076365018921
21.40276169704141
8.32214355541248
11.482556777580296
0.4248415571667191
0.5384777280937753
8.763713842308062
14.60737319497106
11.264163185629094
0.21309929028036634
0.7906149487948599
0.8385942637592236
3.058088343360352
12.97920425899441
12.544194432197827
17.975031003553465
1.9425241226169372
17.679115312060247
14.725308590232288
0.4864657174455833
4.934695924689128
2.710174661903497
1.4742329246664687
1.2701740548441505
16.92238482460951
1.8086855849360677
7.511674441535868
20.104104457801327
20.10630092405905
22.329281595200296
14.971638057162762
21.08278984515051
15.57871301639095
22.13992993029264
10.756779316629917
7.76305233626918
2.656453651637261
3.395204594230053
13.79851403390335
8.342067268318221
7.393969522486207
13.33291766627199
3.0820570475858373
14.684217149572987
21.701352561033747
8.310643626392118
10.858312369109294
4.499953751148858
11.404501514488985
14.437899247006762
0.3671331148356799
5.219685950614789
6.64868264795789
9.346147822194443
17.221407076477956
8.484648677574427
3.1049410594889637
19.16386772021428
17.271190039631406
12.000851228102436
23.620586772562437
16.50949524684482
17.198652027572187
13.985411617366312
22.530352964387422
3.2719613399107783
23.703147879172345
7.704317350817308
20.430413311825458
18.493088030718575
12.243455287654612
9.730263203415332
14.194327769826575
19.83429819773324
20.88235309572498
3.782691351981243
0.44867319679682827
20.55334859128432
1.4552823132467196
22.709107732922014
1.601975028607097
18.605788939004697
12.718030930101232
21.996644310020006
11.802175055053453
16.450048040180196
18.38277406396493
16.38713419076523
13.860090380322415
21.69221697416356
20.73450234008056
14.825533064035568
11.73847899305745
5.575404186555344
1.236319771981248
5.298328884465253
16.769096696648447
24.157150601523224
14.46218455114222
11.636855372757351
0.390701581147343
6.308682236629598
13.619144003059844
15.47747713972713
1.4335869753537707
13.337379441190128
0.1561416589791531
23.94338904354773
11.106895543555623
21.19501351617513
0.4632641933608045
19.775052632392367
20.65627623042498
4.3005220532408375
19.31179089526221
22.658952656957084
23.14906483386292
20.200112746232822
4.926895801725048
17.13827306014202
20.69704226099564
4.419890122790374
22.397309039613692
1.9034075049189663
17.130258453181852
21.94196588753636
17.452006764322444
7.170731398737526
10.364581070281673
7.239303719305018
6.8656362260080455
15.330343466581361
1.7650428305081123
12.035536659179105
22.979429175543732
15.122285304001338
4.197198762652262
9.866173368728242
24.43027381811508
0.374678995404204
9.943754751344885
3.9645114172422864
3.0814927078449545
6.772690764532749
14.471604050952047
17.43680110993599
15.275607210137613
20.184591483768717
19.22793108123184
19.76978274156914
6.450140342171734
9.677670400895847
10.84705857984552
8.982492313377838
24.722464523424943
8.105654043837923
11.530114953569024
1.6704112690732464
6.4251658999446075
12.710000071179806
3.262209198203883
24.891027918908538
2.806159391860813
16.617705642535583
5.099594192965126
12.09406175396985
19.00330506300893
1.4253995351277386
13.613343318679036
20.03814536697738
17.54994760360914
13.39656578059733
23.42400000438582
16.329532534897744
9.73322141024532
12.338609175797579
13.906128538197033
13.236542039923426
13.789542360663892
7.234187670856238
9.551602751841756
15.23235319042199
7.4307220138508265
19.48824795329553
24.306487477540706
8.205734511931837
2.3603380954260373
12.03473155990482
3.091758248411272
8.447468308674663
15.355892753114178
8.76524393183634
16.37531915983936
7.594020143619043
4.802402637150208
8.084976885004094
4.7565880443163815
6.2897946199547246
3.1940643614158133
17.544831020921848
1.8086324453400249
5.294221097244961
13.79709053123296
9.506812540709856
13.800815681841069
9.272494226459916
13.306078114073111
17.919049564193934
17.303625682126494
8.195244979218415
2.007449198806172
1.8604721935103568
12.237674895084064
15.493340406875875
20.924169617351502
4.875799033755388
7.665827709401441
4.556672059088313
21.711541202539703
3.199495655542084
15.407239672477976
0.6690592050401872
4.919880501884386
18.31071342374743
3.9256150572567483
20.47523364228697
0.9459343202958576
0.3453569059124334
20.2702523710701
6.953182361845006
0.4566663555650802
17.409497636236356
15.1714688481202
2.300517638085145
6.247853768629591
21.631582010076144
3.545914502746034
23.286672640236635
6.956858541943417
10.052470131342575
22.3586280915383
19.049770543188092
7.754743569620293
16.8483429079384
7.609976721750769
22.832618439415764
1.4897327246237406
11.259617387668976
9.069920750783393
8.249456244348261
10.545333647064266
3.1290430739418564
24.270315433437215
0.477579518932722
20.96558035860093
13.736070675624342
9.771448880696761
2.8526900086875475
15.866564508095232
20.249586506813642
7.62881311128073
16.921061704411606
4.097439331942823
8.809709505588733
17.367851778957494
12.998361855463184
2.3597115424350337
11.826411004245378
10.964815455723967
0.3548337199003576
19.067836890389387
20.60038550613347
0.1607764469754941
9.95984639596314
16.397078121197573
4.625757427999666
18.37277587332928
22.25584514642453
2.2637585103354145
3.4280851922404403
5.188603119369431
11.64653705778315
12.13298478587844
16.567439591594823
24.0194040141475
10.471302127661508
10.564230784274978
14.560077582236813
1.0290955264486978
24.82718529049117
16.137557458663732
12.531615185628553
6.571917172834713
16.4111914984616
10.486888389665364
24.312029047356205
7.39399028262146
17.99505072969156
22.189008750098637
7.463299705755516
13.237133681117072
0.538534480218919
18.902293628648277
1.1613733646209212
20.202790900407983
21.462273211593445
14.877374864780307
9.376485114947025
18.398743533663794
8.944398445755668
11.18319497688575
15.815925281885848
5.198056845550866
12.813865037078266
15.38695036774757
10.131314788134988
12.273278728816692
21.354822149566452
8.247657194850047
3.3761792893437836
20.157309441420708
23.901014655540248
20.874257396067787
1.763979718350825
11.94481243056722
12.200227795820101
1.2447071155637008
17.46846686549535
15.68971285957083
11.696123842441555
8.03058070394139
22.05072948617164
20.67462777211425
3.695711799867116
18.995419808988714
3.275104655844302
0.5644301005829522
20.540932484692526
20.31437266265447
13.00803026164756
23.004581620021423
1.892922375143094
8.719708170328882
12.13645397374613
12.95880375205605
21.039231616241842
13.976309649304246
2.038454124504818
24.571213491611932
2.6138027927771423
7.046977610737165
23.927642289438566
10.253321455969092
23.928368390537038
16.118930764842965
14.451098508715344
14.439358465609619
12.656969695281889
5.935881323094461
20.605306794780667
5.816983097860303
17.754747867888597
18.51684413119809
0.49370379152347266
19.13293883923359
8.925275175457692
19.729139709360258
9.680592509127475
5.638765095964912
20.79357893440747
19.62952993040962
10.197953528863856
24.427194363883427
1.351741002544754
21.594009011431325
7.523145715856133
0.15650607602840927
17.833789005889262
24.830770845388436
11.434747805365605
6.031470955871643
20.279081016305707
11.984585286884563
1.3859253138632428
1.252969213609087
0.878226397211751
0.7970546537080847
1.030181164881025
19.924023440939447
24.12024975457465
6.466548052193499
15.319984575165972
6.520067576342092
11.290541262686885
10.242884950713863
22.167862904514635
15.293020467627006
16.656630280461
15.790551441372024
19.56531656881745
10.609770854193679
19.216707945779397
4.085713922585138
17.436230248219932
22.502527116297106
20.15965862993152
13.758541318771888
24.9797950827978
10.439293438244205
12.61284451948751
24.07451247737498
2.3555355934871485
7.1958340610727145
20.771986016513452
13.092028158577005
22.732110872665448
11.013329038185429
9.632382981996612
15.417594420475812
18.04921871769398
17.327765827526587
15.266092691094762
24.451326317098168
[Y]:
18.36219347976233
23.29717041801003
16.91001795840385
21.430314466114122
16.07242391105765
14.355725056495727
28.85520549659583
26.70157608089137
23.476194119404525
14.754839279640056
9.396549243852967
32.81278682512459
22.314101501548187
16.80549030182646
7.081027126764269
23.636602254079506
20.94858023018151
28.05775985158117
21.32856327951865
9.538386906171587
12.117832989981238
8.506346160787816
20.612035299360453
15.243885854028132
19.91739077259134
20.463828644681247
5.919582470524145
14.78865756634935
15.1510347935324
14.430109250640319
2.85459405626948
17.07505627604766
16.87768212750799
13.546575876109358
14.697211567345098
29.997452244958446
23.811472971987875
11.981042484578738
31.940762754726517
5.348156489340116
16.08303636312246
19.4861844980948
4.935364430555639
14.482624584393049
17.116291261891206
18.47697149877566
6.958684912621271
22.272785456339548
4.204794581206852
14.22874372541093
30.706646004690533
12.607377964279655
10.46315102641823
14.738506614092742
13.281357504629407
27.20297489546418
13.50874851769533
12.379541681170338
14.25137597021606
14.559056202350543
20.6812900211804
26.08911865835647
15.862642939205594
20.304490180875753
14.162432353452242
18.810486942772982
13.434740215095545
22.01608196572824
9.137254934391747
24.919950408108726
30.03152581704525
8.137958094281377
21.568426385743912
20.955676652109467
32.29634329677631
16.195873791992938
21.062029658946457
18.750383845753568
17.462153310332777
10.004932710942303
18.661440525292743
9.592935339143198
17.972900632538884
15.40855747227249
7.019168230841979
15.172988772380414
13.958884068211846
15.982054833598706
12.699237707146498
20.040825453870795
30.22414363308514
11.156342809792672
10.535945027815895
17.285098028571564
18.64782557617072
11.089337931070585
10.132448690508305
21.029751813660457
19.194873525121498
27.72896378433857
23.08157384046435
18.29144605601641
26.91790331320729
27.557322678576696
25.264221814693265
28.73708500308092
16.867042058467792
24.154045783154093
23.36833540052922
15.543023353744337
32.02614514404539
19.994820883838486
21.53124917606076
16.707422732081845
11.588795193196761
16.482132874787126
30.949380562335584
27.343745441429824
5.435650782072767
13.939463058813221
26.798470422647327
24.66726753360934
17.68476148545522
16.518074764613953
17.814731098868947
28.08681794139919
15.914269174306954
20.816419744080818
17.273662032935917
9.065825482162102
20.687247958756572
10.246833188308694
10.805195219670496
23.638765493138703
10.605073387462639
21.803131576813982
21.474595028146837
21.680769709184517
18.545762028493108
8.056879562254341
8.017292181409433
18.996446271634973
28.63805865047543
11.13541038815954
8.920383556079418
17.023233069578524
7.519265967289062
13.801378568999633
9.822556080812534
13.722226161870488
5.579335832727708
26.91150652729054
17.749714580884167
30.75800560124931
11.678859319033869
26.756381431593102
9.134110087074575
23.71510622991346
12.678934826202209
12.999003398922664
26.56647076266004
8.82586209894785
16.235467694199293
27.87820997190873
5.730107222421414
11.105620763798111
28.400425427544967
14.965650578041764
8.70890357318764
12.3083060520616
4.475715969886696
5.124754415187521
7.520749865515667
23.68141512081531
9.954300250733217
23.518067433864683
21.986771601385243
9.463530208927832
23.36774561686942
13.162998516349932
26.909497548947073
7.470758746243727
19.726210310212235
17.941154891602867
22.394808365477036
31.6921691854478
9.427138073079512
15.92672495978533
19.92262449239094
14.970309159822545
18.549712142230216
27.26289359653355
1.988163662530347
16.111864557763006
2.657889879592445
18.36136713451301
11.13344118155659
22.16914917421998
14.771877957402829
10.884790957477989
23.78650393977829
6.5442815603361275
17.90201318254781
5.374807092771473
28.907782766635144
16.734845276801426
21.167199370898718
21.33989596219724
28.558321029902277
6.744316461445852
22.50973676692375
11.049733197727548
26.95158821585552
25.130610434621012
14.992014204751422
23.03791342137972
15.864234398241493
11.547212296830004
26.26578891484049
24.697614417403763
13.273211458984246
29.987327618877313
24.40494923685059
26.984436068253025
18.555951184756015
12.967738902402735
18.546982501992936
26.0657108028816
18.59738567808226
19.874160837914822
10.480577101413695
15.378944780578559
18.867450827923783
20.361816234738306
20.976303908560276
16.182687010671817
16.311332463349828
13.074184967857107
24.11160267616237
32.467882167249414
10.755575059046022
18.01696968878015
22.8430330819994
12.603673664969147
14.141023299311891
11.222336499925209
17.033902287216105
29.50175216575557
4.194924578267906
20.410500504022124
4.667988557994257
20.056085902450594
16.349964788243334
8.639868326663011
13.855150888521429
16.295374416201266
30.805039251922643
12.041513118302813
15.165052075222635
25.612023546778108
8.217127394741176
3.210482158840087
16.13299741238052
25.045324257697327
26.657867390578712
9.836145931686733
6.7961087321126135
14.133391115419466
22.50591254915662
9.164563072629091
11.072762236477402
14.02714745881567
19.619458300600453
20.72886880186737
16.86401906683872
23.575689591359456
16.208345925940293
10.674735983294351
23.404645025365312
17.732848239185184
14.64157628621137
11.409222209621177
27.461600161783153
15.708224476970509
15.6276176256161
29.84998907088567
22.347450584107055
23.339854027597923
15.214783922716666
12.132052637428183
20.336554458658526
20.073744414311406
17.658686313495316
17.418714575259294
7.876116228711121
14.184769418998997
1.5200178768593522
8.069149598627336
11.68094362361224
13.065050208109042
26.3718439695032
10.568898381774092
20.30089335649991
16.612087204984693
8.547077336287828
19.279604354192955
19.328439614482896
24.309375342136615
12.28795446894172
12.109582468341603
14.023644720389743
17.955438771480104
31.52011048293171
13.818594386239301
9.399813617891883
33.39048394508396
19.90101284808977
30.9207272430583
20.025457028828658
21.852614037727175
14.17180216793938
14.987154076056484
15.933120590456095
13.473117526584245
15.459650005395778
10.363828818648289
18.203756376698312
19.374254165087052
21.177475057047534
24.55862101079104
17.069522716443238
12.406899888478693
11.620690473760085
1.502714503742859
10.258098934161707
12.485810464561409
11.783187347815694
15.07857643508273
28.38506953930181
14.566418041160443
21.896179082677037
6.23750421905087
29.815534805062857
24.639314958685233
17.320613537403894
15.589387191794799
27.470300217783787
15.359833944251449
2.3477470522034194
21.784575541051417
19.2398963256295
15.46216201060102
22.85315957423125
20.484103992996484
24.17827990814834
12.58760230626333
15.193300163222704
12.61945574382494
16.622710288412847
20.29903102335826
18.9115593047022
1.4787926487693857
9.36319324714773
22.66596854966142
16.242334626006603
11.4641060460008
17.040870213746654
15.239174499745815
19.216107718167024
31.85992258637883
12.145050224708267
32.6647944435995
10.650809961821174
20.649892681908845
28.590298918721768
22.49722780284073
28.66158604109186
21.43925956039045
30.25102445910013
23.69274693396987
19.39140294303681
25.81453420424504
22.827145494185913
28.156074437645096
29.829200080683222
23.68446597114901
20.96855724059962
11.84739454699146
5.991625661745649
4.245911533358129
28.937653026906567
10.158811337725412
26.426780090658163
31.315096206281467
7.272211397103106
21.385668525169045
14.854070683676571
24.114661476416916
20.22932641899909
25.2103882708331
16.931992337139338
11.214756551736505
20.89698624964254
26.767498019528617
14.41327919817524
11.42032898674483
11.396866579631372
15.024455829443664
24.35589746167938
11.359313494784892
19.281715085822405
14.985273183104315
15.588301158113588
15.256731710199357
27.53729304323068
14.12413344060844
17.455505952694182
28.22489071092673
15.25952888247074
22.049056975169933
25.8868402686731
17.30358924879827
14.45945547695024
15.737846546732968
7.8241487280095345
4.8553684525419865
24.948383850657493
20.8431355973601
24.586816655412267
15.877952823376926
29.310695365220607
27.98080138527301
3.5992389318376823
7.862034937870849
7.97792127277569
11.07844542595856
23.91279773156199
21.38689802378142
10.6983303295757
4.364948060410543
7.886216813523255
8.570855298270896
4.6681351955547346
16.463904913165997
4.284159165590463
16.053715106317103
15.412958189010904
22.272351000997645
27.103761382136362
10.02848454383181
27.200667237495352
29.79191660867835
21.301104767733776
10.328518458969137
7.38687746791871
11.00235364579971
29.04445938722162
14.773589662819337
8.136274865897995
25.358385652530142
8.392115806665528
18.686878729385533
10.971301778780019
28.601568736848833
12.989948598448038
18.81202339233013
10.451162722061113
17.085926993290617
28.001216055292378
21.535319033153726
9.446983782716869
13.21720541024882
22.891314170202364
10.120506301913167
16.364820807014198
17.35197485773239
25.684745752646606
27.13555522135232
21.367926931338687
16.32432409246366
21.822460890900288
12.469773525679445
18.02901067374013
26.221124337686707
18.004114089025784
20.78906356477595
26.03334639653146
23.27409032517174
21.649206227775416
12.335249838385238
8.518821133299136
23.236743381436042
11.32561293180297
11.253913774300091
20.717065853708142
1.9965545550099173
28.58555211479635
17.20377683290907
27.52828977608055
12.513868338301446
17.621693587492338
9.229692851515864
23.23874704662757
23.697020214202006
30.59935761675461
15.616362323603443
17.68129869744065
23.073331537925267
12.300423099238783
11.035985003880402
25.041909385830692
15.895546098750575
23.84341258780765
25.376638627774856
1.7456425635189945
4.950779487148613
11.659247329270823
8.278231591513864
8.86833790481408
25.587475042102177
24.491540670137084
26.5098987681426
29.939822484587147
26.73946090170891
14.862783460458207
20.25575180493034
22.82154949607397
14.890012866945247
3.9212422150137356
21.296264308126325
28.440635878411165
19.6450206994092
24.85886189391708
25.177071294292126
25.369258437514247
31.10183396532176
15.861724667811337
13.747672521080387
17.84298616211443
24.048095331856914
20.319325338120077
24.882976508152836
22.37804521622677
21.578307107479382
17.2217213406433
17.21532779520065
16.6761472966986
16.32813287641024
8.994166642031974
14.812004435007793
27.681141547664744
19.607562044086627
22.39086815892143
19.37542699499189
17.0345300101787
11.248467577996735
6.001135962512235
15.289173482360477
17.033862527621686
7.536988340499929
20.373087437878734
18.945456923816057
13.787456191711785
17.65313358667786
21.770407966656073
10.219834432906662
22.56544923156236
9.793880222200034
6.477894780266743
14.928777946961677
3.7798742815389206
29.653936936939203
20.93477254859976
12.943530197119777
21.104730848737006
7.215735550505697
23.892677911447972
14.639610682747946
25.4660004118267
4.2849968831179925
20.223482768002818
13.207364463081605
16.305475414456875
16.080639045553877
19.59061613266215
23.12879020583589
19.19804745737939
19.356399402269403
10.795816871424234
16.03036871080999
16.398007442296358
21.723581230875812
11.791726101268493
2.8590459652660307
22.850541135533334
22.76020097264465
20.080953055362695
19.181964941467143
11.501225466423922
25.221957240383045
27.129179586671917
9.166013741642121
9.071143723908367
3.601754458154954
5.63012346495075
27.68415776622733
21.570698917079547
23.584970533680313
31.75082758612843
10.568454954830848
7.4629532910133065
18.372607105661416
22.362081209975052
12.065667733139325
20.283806763392796
15.097954047170617
13.591426327120168
23.72723946725653
21.604859660533375
10.921933492835038
22.620066788072396
10.544662500194002
22.27507174667023
24.57461681768405
5.340045937825831
10.771236773132767
15.732590372962079
17.32075525227051
17.94745183162608
19.167838947302734
6.742340757667015
6.6931226008695965
18.095908795566896
24.609944526202824
15.647923535238505
11.304201095088276
14.911142820439313
18.785081438992762
14.890302899312502
18.19667603047549
33.192105836870056
11.633847076171318
21.18915833380273
5.4952170688880475
13.991483745201089
8.1330134718879
23.855358264750237
21.930004203569773
6.040159846479513
3.045115898556334
25.999811083589982
20.294672011246714
6.6244631092902395
6.622157611433304
7.517461275323192
10.810416214168178
13.199478135536062
6.041188340828965
7.588541650493784
25.514360381991253
23.618775013531682
15.057098344889127
26.008353852351057
3.0655862325159546
19.555759213401277
15.730783467779831
18.324458787398694
23.167651773593292
19.823361019012584
14.751413373960936
12.751415090678702
13.66105185894995
15.117756827976335
18.86897217923226
17.554886882970553
6.283340024883441
6.861661790068997
18.893567770154284
13.07430873597905
6.458637933518528
23.53037145923288
12.095703286123534
2.006070921668301
14.296671282721814
8.996840363275254
21.941269359664116
9.411945122432412
25.517293229155882
34.02255068427606
25.086918567883494
27.898725929809544
20.76134116289033
16.42607171726932
29.815051048496436
21.399673398380614
9.567484542946328
10.960732468162274
12.919152130468635
28.274960213473776
16.984023496695933
18.810800103873333
21.666503180903028
28.6766480184426
6.016265676397967
26.84843264076185
27.772281017986586
22.164591027221107
15.900453412127714
15.495486988618858
26.957139413825587
25.2302920403008
11.130491611402062
14.149949629290195
26.93549297478704
16.63637058247624
20.995996729036833
13.600209712923611
12.524361212230593
28.282219809370133
13.351462749604895
18.71105610117562
14.760747144075179
19.828744215091458
19.758553094771173
7.4927082569582435
21.069759174195468
16.659302005259985
10.368836040162847
15.172889756998975
24.060144200971344
25.421023690930554
23.33142639093265
28.330379902618688
21.628010684164572
24.22759204137239
7.3556846223789325
26.528514079865538
28.186686599274054
13.748622709108412
21.48488167108711
21.086914709552087
23.39326658671618
26.00372726239479
12.392683013132235
16.473844730311725
17.225260111945595
14.5348383385173
18.42879860577845
7.108348549324111
20.066115063029375
3.311170966787289
12.29942144504943
31.833725904288126
15.702654677598627
17.805904905214007
22.018119950434127
11.617505774416252
18.125560643145768
4.636123575925012
31.647530423504502
25.74928854462971
11.902476615393565
17.485027905630318
9.864356353022297
30.089443238189595
30.196804015358175
12.091090240171635
8.403408786260872
14.207720531419827
27.164479450406176
13.740872930995266
21.474753046529543
20.565339142858893
17.2142689220794
17.31043663536986
19.434572922147662
13.446920865560205
26.912685312292698
15.10188771270552
17.50166098231012
29.018533551725515
19.691421179002973
14.272093133702251
14.446004828712116
22.014666110793627
8.744920098093726
20.213346363789462
20.96292098673291
32.437434541199366
31.722112297928366
31.965725335356144
17.324541936454533
20.9245675491001
17.670310744737655
8.296433852470056
1.9681410129321721
17.634409782859855
24.5269685934539
20.764058499246747
12.730435591618932
11.47444699972409
25.79419085530408
23.247344124392125
20.322218966618443
22.542557154271382
22.240456947510218
32.01210557746412
30.893743432474167
24.698792060523623
23.615469418001204
14.6565930703487
13.814188971900577
23.85370526951063
13.847385399613916
12.94861231885745
25.19931534469645
11.533322560553376
18.144194783581646
0.8380137703659796
21.253092159139015
24.235696143498934
23.980538811379148
12.868636794232907
12.311750485177553
22.765425391257253
8.098087507132634
21.04832588399777
21.50715659871313
23.676072497011063
22.137472822937497
32.70489779422501
33.194772329475306
6.349114056164135
25.15003310687808
12.095214568611716
8.893729768573106
21.487423800570067
15.039777731157384
25.35518179383675
23.597896436413293
23.839545766362995
16.34609100178907
11.385037611694315
12.59438399191611
25.043431858429635
19.55320208053236
9.104402899962292
10.965356002544006
25.590813133803238
10.891649859771508
15.842561266638565
17.037894339460237
14.254256224962969
15.070740958473108
28.676330443378102
15.954119109036629
24.697117171994847
4.233507425254328
25.920732768401965
10.459916836192722
20.163703892097153
5.543316035850323
25.198982860729842
17.912523084470518
26.44700025370752
18.67936285167499
6.961423914345706
21.784990618419524
19.087282751443208
14.538219730400634
24.207238760396727
32.12716041499857
3.3338952453642117
20.34846658890705
14.461570205256216
22.37061212419665
28.159468322825354
6.869500832258916
25.579258888661645
13.688572873238922
10.252130960621104
12.827642016127701
27.880000874109136
16.170901644383683
18.064998101627843
13.04504162841112
15.557494020823809
14.762557126362129
24.39378974844833
5.650624746866953
13.55808842807929
13.38955109922762
18.426898426725707
14.735854230574706
10.75173928321007
7.295847963590452
11.316633191472176
34.40862148318894
20.529082664673137
22.537112531445537
22.155214614296824
15.876538890878546
20.633276196943335
8.672977375237261
8.232720084758396
13.37882928250693
19.23217457326797
22.997118138647927
8.0492832969316
19.035469209183074
14.207762974215479
19.039992097107877
19.036486991384923
13.44153297666981
19.351453483752813
10.49455220063117
11.58030599334046
3.1832440506433297
18.707022519421937
19.678525267496966
5.079170936525797
11.859229452457175
21.220199389111855
22.227544497795254
11.448801036787168
14.170579345004334
25.636975986743284
6.355073260092125
26.80232616820985
10.734615915143587
10.386363517254123
7.509877491088612
21.522927579582163
13.333252162930307
12.77016622298802
18.939590768626452
23.651833465130032
28.760069852410215
19.929357641626318
27.95116854767597
26.000768953511887
29.68784306110941
19.814895742267975
19.02407521003797
10.99907143509397
26.38184137715267
23.734968036726283
18.363902572301207
20.07813623231884
24.51612800536827
18.161002517489063
15.28332767314789
20.35986036893507
24.506932663294634
12.651463183716224
28.34426821389536
20.704343486000088
19.677975105257623
19.797130087665494
16.861921271640067
19.34784784829989
8.387936853649904
17.26165791285375
19.106565184974496
18.96675445703917
18.394867472157195
17.40117425455276
20.10554406878802
21.222627938482354
25.883917668297588
10.763339738157473
17.82847833905739
4.025369804816157
19.508420022700342
26.622780129416874
13.811499988491946
15.0499016055783
17.989820572666897
3.7983656934505268
28.16461291016971
17.814872968362817
16.44463247685385
10.00014354286321
13.519845438202788
23.836703444949563
21.67649482403893
25.301333258061362
24.17664562243902
20.02419733799673
8.88458479099307
25.38454576954058
12.873806103647908
7.1708015255743
12.312213708054564
12.952665915095702
20.66919312458467
34.5556411867083
10.483694045105619
13.562702435506996
14.993794067362543
13.85719533482089
24.592254153484475
12.268065377126954
12.176638453829652
12.367317620466379
28.352140158978862
16.95346166414395
17.816975686267273
14.55517232850086
22.963490426250665
8.2207859846026
20.786968194313257
30.910735645986684
24.223193864918706
7.114834587957915
12.42018408386497
17.142879288321282
17.527430364599148
14.451864512716304
25.730953598244326
23.588694296876152
25.592213744925466
23.001765882627776
24.4358579155632
27.190316486387736
3.2839732654861438
16.751772845209384
6.192708654382177
18.622397791918264
8.493856410134237
9.895003282937124
17.723277002105966
27.492120519834135
11.958478579640415
9.063716567818934
14.199132431378366
31.175167220888973
28.318591153238877
12.191556036520184
33.00597006830829
18.667987101810247
16.786486381106933
19.466055800917115
31.57824441432672
14.284286254530251
4.88070280058066
31.35112290222636
1.0709001436100156
10.250683039671337
16.994177657496508
11.968002995785227
20.943053128386925
18.534371242654508
21.903695057393936
25.697004255849194
18.170403266010492
27.606760478612106
22.22404447478708
19.737779798824143
19.387102640908427
14.663640352064455
17.07425921893608
17.621340734914394
21.90807819663965
17.887988126126718
27.190981562820248
15.485812390599829
28.05073747056352
22.416362066808663
4.7622502486965255
16.87484858237573
10.467673524156815
23.85887688852983
9.45008418941806
30.05819872894837
18.052025941128683
17.403565990989602
27.005232116500224
21.483308549410395
28.73053932059608
24.475539162497213
28.00662637435199
22.779725219090476
9.035334651166254
20.835978138794047
25.56188835850627
12.276854441033327
16.924268629172783
15.046148470087253
15.475871299289006
17.25058397341837
25.440406311604413
18.53011463383727
22.155752327546224
13.843137859078254
20.37633057542245
3.6719669130988923
12.105317026703336
34.526969970435026
27.430856016064848
31.217523256235687
7.343546721964955
20.536739066884685
6.431621225306101
16.85694613696611
14.261796760830276
6.226342536369282
16.3456095948396
14.147380882061318
17.4870845129568
7.633333114896293
22.681394302405273
17.00034433689612
21.314539829487067
24.796033449723886
17.68825001113198
27.63426148199678
22.330523976885697
10.202044035661963
21.642428516709174
9.288938519299492
17.700615605879264
16.042110140139016
33.15824810285389
3.789654776602719
8.748973303982748
9.947218754789699
15.424607489308366
17.363873490500648
20.665271703043626
2.6949831940215363
17.158720297285544
22.56415516965352
4.8458235105330125
24.817888231645064
29.97414194998168
2.374799988556878
5.881062248811471
7.450429801798252
13.873164010732772
12.461558692177501
19.647802184593424
20.40060966867957
7.720471238582622
13.178121217457377
26.06048298369802
24.640271800702763
22.24317614979838
23.976843225514656
12.272440507268064
15.757919281300499
21.68333141349388
12.907374476384167
11.389483825191636
22.978502400916632
13.672260850034306
20.290737835425368
4.9099454564758185
21.84207402298659
17.782503412908326
27.783842507246796
13.535390798814841
19.93470817512796
13.018413172139486
7.525253513121106
21.248757452568363
9.212657070086212
21.721140865990243
33.662132081312976
14.749522033224785
22.01145705487878
23.044052192656252
5.506308773204016
28.18815152877234
23.349641782842603
14.222245197075262
16.027236383762798
19.664231801091706
30.479513558724854
8.903006089353774
24.53547025749985
25.894415652124756
7.062036583335079
3.7030910634420064
19.915831642473478
18.437305668089756
25.25493323836261
19.300840942140887
16.78871924189528
19.84878422895222
24.001317630295222
11.658399015633107
25.420832358726024
17.071131599814652
15.77424656436486
28.557233168829725
18.298862169544623
22.86305685083856
7.514709540277399
22.41885383974541
5.053640645311082
19.263288568733667
10.07272858365864
10.76693653646855
22.19582905383394
13.157161198043633
10.2410853436017
25.571261244781567
30.032889430323806
15.336593852099998
26.489151869217828
28.407345936434957
20.127124114231712
12.847348976471865
11.55598647641585
17.46772938249575
14.6335896767521
15.063583379300496
17.19918096071065
22.86776922775259
12.5905781669599
14.702392487451666
19.72273597088195
13.339266700801122
20.61449444079518
15.487495409826781
11.544447182187485
11.383039537094781
28.21664956326709
17.830495312853905
19.42088524364285
15.363193393853317
26.05884882864651
27.866590575321016
17.49863116023734
1.148808313087159
29.189657285891673
24.06690306893123
22.796552204336702
16.701821194611554
17.06690634033075
24.011576863885647
17.10653557248874
33.60710320724783
13.665791559992151
22.223251137167132
16.46573892739236
3.4725861052773483
14.49267176869415
15.303732869827606
14.881412333500085
20.709312221966684
31.022663294274313
21.498631322182455
17.599527735874037
12.13878598317243
13.901423761982889
26.226988469279462
5.924792828331649
15.996644975858693
7.049424967989385
30.513115583120925
22.8396714354377
24.10643514427251
21.602047629334976
15.123764905415209
9.036965935589974
23.309340608975234
18.106890883988974
16.638643443681943
31.233837043554832
27.257159980193983
28.45693074483873
13.001862568562327
24.54667122859502
14.469017366101205
20.525560930663563
4.110884922694231
13.626538333396716
18.30588267366959
24.931883062139917
12.41801243434371
30.89516725399147
13.92159675151142
31.492246308278872
14.70096343393659
19.39889254464911
10.683647471846044
23.571492211888646
7.92438031685839
20.730225610238534
10.997929646390828
14.406177612465264
12.809941908901918
20.609737570468127
18.619920630876553
23.095641091626952
32.2636735011984
15.987227105159029
24.075721037256784
28.58292708983852
25.80197533729422
13.338344631682855
24.304038137059905
26.179774675855725
14.16091729313223
16.085100387692787
18.65184106853241
19.599306467672932
30.410144692584282
15.160571694482602
22.32195333125791
15.050791444445002
11.517365511793336
4.633276196172375
20.968020796610446
17.660056524835664
16.81698505287095
18.363632798790736
25.99966899656495
17.588023573109737
19.772104895150374
14.339621420651316
17.640160043940348
19.175319557022284
15.018795949016473
26.343528070155998
24.650779275237646
31.819834609670746
7.789325051638957
19.375712760827675
10.249207579693861
22.35327830990181
17.88785316659195
18.402956730861916
18.312892101498917
26.299816051918526
30.206474332876486
19.260835112697855
31.432144467140375
17.739082678190044
32.534909150155585
15.097572763044068
12.742859877815437
24.607973832613997
12.218102275521005
14.726616055571744
30.032112258057406
22.63917774413948
23.995842494903044
30.385949407695662
18.266875136363723
21.417695417458724
16.300699910954993
13.951637824369461
16.897746622794006
10.420173432047488
18.30180141380196
16.122948842388602
18.08881639318976
11.64202297146929
12.574839473515416
13.765256815116572
27.841946295266958
21.89012092396054
23.614079919756712
16.93838735596903
16.380232810640134
18.067991902945018
9.529379090545765
22.403033755905668
26.100946141562446
25.540924368158933
26.17338456267056
3.2731906738619605
20.535842562573055
14.552446619278784
12.71519975540601
15.031543735883654
14.688383560507052
20.0525010569068
22.503767695118164
24.049988811663972
16.384421871108973
15.302981296699008
32.86164805261349
29.147002804111445
23.227152211715094
20.824894264707023
23.79843192733633
18.0117784013603
16.59066121931974
5.11212726946831
11.391849421103693
7.215996876032836
12.638857116894702
21.776036455006476
12.47001478843742
20.86002378212138
26.38870294762966
32.70033071292254
23.068217141649377
16.310175959691048
16.487146217751395
17.661309352369845
24.178376612328897
27.648041575273695
10.139923703503225
7.300658096474372
16.070794320320793
19.495302598365246
12.786685421685647
18.347197354190058
16.72661757718301
26.427262309991338
9.342689052205484
11.04513262999195
26.69496544653264
16.801013959167832
22.56512029971846
18.232715969297068
27.500082157919636
16.92316628507977
16.677382085005803
10.182928626353583
24.537011652282004
17.739261127015194
12.670225148044224
22.476263746715688
15.032484797798393
24.610377235954722
27.554710382677335
12.295208574167047
8.586328184561243
9.343687137406787
25.61874649475052
19.187527319613416
27.161810286122787
22.38804478740891
20.355061778863803
13.233052704968333
20.65508662394456
2.93365544345372
11.510653573928858
2.2233221865160004
17.035716350616745
15.78577462112684
21.666911550107237
19.068872992309334
3.2542749858916764
9.053742342600852
14.365616267011397
24.765754045488464
32.976458896240075
10.539472272083948
17.371141468916306
19.14067493602318
17.84010666769736
10.62917252640478
31.914790565308365
14.682711618355498
12.716356743160201
22.871341749859283
14.936387243514309
16.6814349889715
24.636941164589516
11.037747086083662
12.14633393500687
12.554329728049783
20.91919543927399
22.079267081184614
31.857639711030373
5.966788958190756
23.084050132976543
16.428213212156138
11.296376634006151
7.885445704267248
16.03775436759635
22.043714269548673
9.110618567882963
19.93940528780886
13.145123141324422
18.045607383281887
13.832390185407485
26.0032171082617
17.791049799846835
18.201789770588594
13.631587358552402
24.475385927194083
11.28040207271533
10.626763253426747
17.191851080725947
23.354434928333916
27.50066859404212
17.856251863054045
18.397378115691154
24.240549174889978
31.56886830724033
14.889216233186206
14.522262511722321
24.088243657724135
30.7908105636293
17.547274018618538
12.459274215785394
20.293398914495008
13.173281784853664
7.590966569645602
16.264001187128294
12.228782729915665
14.974857901823263
22.955218259357952
8.342594077084975
20.959698948603705
25.786805337087827
14.678814676848155
28.248269635881655
9.670305478421977
19.8193742920489
14.663169189421925
12.050625881693131
23.19628022518149
7.883873057654791
17.431257415686826
14.912393632394787
22.616315300004423
13.997817440820592
17.446500583821617
21.70872844973804
17.698863391845446
32.6778095815792
23.173632611705585
2.167973587665431
19.65227326915392
33.77826748563911
16.65112896750966
19.12502508910994
26.6859018120897
13.959765061954567
21.547189829683287
11.278682421653063
13.708353763758954
27.757447594841565
5.940551854607014
7.49455809419031
20.806058025713014
9.985892489864113
27.75708095742192
5.820288662670139
15.706808783794024
22.898580474113132
18.51446459242556
21.558204722076145
23.288966868633615
18.03812024081299
18.78304442554854
10.432091121658289
12.328165684939659
14.375711376367901
33.249864941424505
31.28214827918554
27.20281231048908
8.784448760122517
12.250595742728997
17.887824047615155
14.755779096193585
21.446816417559315
19.894925418784943
9.278377022955052
13.150911420237566
10.12099132397418
11.087195504119709
11.207768481641654
21.204380981756955
16.771748212936664
24.015107019115355
27.65671414538001
19.870528655111187
17.60861092015137
18.322209357633128
16.257714844329982
15.786045422064237
10.539873245733373
5.23078218247502
14.210971073846448
22.485898555976846
15.011330548503274
11.570479432224289
12.632491959035885
12.070875411007375
6.646470674688281
13.983363407195528
20.83535554575826
22.18002480284277
2.1540192980935498
21.943292249648195
22.58024687218583
3.989172573956466
8.147756739751301
14.168139729522794
5.379386339733174
5.21613924387532
21.937907859687606
12.246948467948851
6.609339553228694
16.08328356624106
31.085040739247237
19.66342527616024
17.37731044573021
30.066231876120405
20.86297041311276
28.511943944234112
9.205423453303933
8.610441869015343
2.125162921309809
9.916163675384041
11.03881122712268
18.073653814654573
18.515175617988966
16.666334133017592
17.465645638068665
24.34737371965839
30.561082048826997
11.448514901113693
11.686649895287434
8.999963000919085
16.323601211591185
13.950319397605409
5.093706491868543
10.77574876049183
13.11894611836631
20.07691825775555
26.977125661182363
8.58771894205954
13.283952847591168
17.731094176171425
27.016952031705124
13.800680982481948
24.896469418049946
17.407596197475858
19.75892162205775
11.18832929389305
22.224282371509936
6.217569071928622
30.362518303337872
11.563453880653846
29.544330649460363
24.39447042457486
12.79476423012369
16.184210562732265
13.755462215861261
30.86743855818659
29.905882476579983
18.02615308158499
9.95893855743746
18.842678873027456
2.3642258505973754
19.967286186337613
7.881580022885677
23.284631151203754
19.774424744080985
19.397315448016005
11.241740044042762
14.360038432144156
20.706219251171945
25.709707352612185
17.08807230425793
25.153773579330846
20.78760187206445
12.460426451228455
18.99078319444596
8.660323349244276
14.789055817584995
11.4386631075722
20.615277357318757
30.72572048121858
19.369747640913776
23.70948429820588
9.912561264917873
18.846945789303675
16.895315202447875
23.781981711781704
15.546869580283014
12.469903552952102
12.124913327183318
26.354711234838184
16.085516434844497
23.5560108129401
2.770611354688643
25.420042105913893
26.725020984339984
17.840417642592666
23.249432716209768
28.927162125565665
28.119251867090334
29.960090196986254
12.341516641380037
28.710618448113614
17.157633808796515
7.135912098232298
21.51784723169095
11.12272600393517
16.10420676254548
24.753572710029086
28.961605411457953
9.93658511899002
10.091664856225337
7.591442975444014
11.492508980806434
18.264274773265086
2.6120342644064896
9.628429327343284
29.183543340434984
17.49782824320107
15.957759010121809
16.892938694982593
30.94421905449206
5.699743196323362
12.155003801075907
14.571609133793826
6.665194166275963
9.618152611626199
17.577283240761638
18.74944088794879
14.02048576811009
19.74767318701497
17.182344864985474
16.415826193255313
9.360112273737386
10.142136320716677
10.477646863876416
17.38599385070227
25.777971618739954
17.284523235070335
14.624091962855218
3.7363290152585966
6.940132719955686
25.168000056943843
3.2097673585631066
19.912822335126833
5.2449275134886495
15.694164514028465
14.879675354372099
11.47524940317588
26.00264405040714
1.140319628102191
16.890674654943226
23.8305162935819
27.83995808288731
14.317252624477865
28.939200003508653
27.463626027918195
8.986577128196256
18.870887340638063
19.524902830557625
21.98923363193874
15.231633888531114
6.98735013668499
9.441282201473404
18.185882552337592
14.344577611080659
29.390598362636425
29.045189982032564
11.964587609545468
13.888270476340827
10.827785247923856
10.873406598729016
15.75797464693973
18.284714202491344
10.612195145469071
13.700255327871488
7.875216114895235
11.641922109720165
20.267981508003274
14.005270435453102
20.031835695963778
5.55525148913265
18.835864816737477
11.046905956272017
16.235376877795964
26.037672424986365
21.40545003256788
15.840652545472855
20.61799538116793
25.044862491258485
20.335239651355145
21.642900545701195
8.956195983374732
2.8059593590449374
2.6883777548082852
12.190139916067253
22.594672325500696
26.939335693881198
16.500639227004307
10.932662167521151
12.04533764727065
17.369232962031763
2.559596524433667
22.52579173798238
3.535247364032149
17.135904401507506
21.848570738997942
7.940492045805398
16.980186913829577
1.9567474562366858
7.476285524729946
21.01620189685608
13.962545889476004
11.165333084452062
24.727598108989085
18.13717507849616
3.6404141104681154
16.39828301490367
28.105265608060915
10.036731602196825
20.42933811218931
14.565486833554733
15.241976105074059
18.486902473230643
23.039816434550474
15.803794855696232
13.47867432635072
9.687981377400614
30.86609475153261
2.991786179698992
13.20769391013518
15.055936600626712
8.999564995478607
9.636266917651414
15.703234459153483
20.016252346749773
9.382063615146176
19.772464286880744
21.188856540499472
12.617159104557409
5.282152006950037
19.893251606476184
29.399669205450913
6.703050489024584
23.73684936352928
15.877951465554256
19.047767604470984
20.494281423165994
10.398689484370548
7.887769233948025
21.4611288033963
18.37185236457917
9.883866975920284
19.45426951231151
26.080308404906773
12.728621157580394
18.76787711677051
26.91766249695806
12.700605942399731
24.898220698663422
28.004676117139624
1.8110068082683317
12.94246815379235
14.950882495495541
20.11722964622652
21.10638782870275
27.653951673275856
19.815523211318002
16.777041702129203
20.451384627419976
16.44806206578945
14.623276421158955
21.061748232392937
23.710045966930984
25.02529214850284
14.857533738267769
16.72895319876928
19.18951071173229
30.849623237884963
16.115192226097165
26.996040583753246
23.15120700007891
5.970639764604414
10.589706944893658
4.030827584175134
24.72183490291862
5.729098691696736
17.962232720326387
29.169818569274753
24.501899891824245
12.30118809195762
18.918994826931034
11.355518756604535
20.946555981508595
22.252740225508678
5.9584454764406924
16.851092029662613
21.909560294198055
18.905051830507986
16.418622983053353
21.883857719653165
19.198125755880035
2.700943431475027
28.725847553136564
22.120811724432198
24.499405916854226
11.611183774680658
16.755849944453775
22.36018223665608
3.9957656924509597
23.57477349239628
14.951770287656664
17.756899073953242
13.02446456315311
21.240583588937312
29.139702217691397
10.15656943989369
26.59633584719097
9.82008372467544
1.0515440804663616
23.63274598775402
31.251498130123572
17.006424209318048
28.003665296017136
8.714337900114474
13.575766536263105
16.909163178996902
17.56704300164484
28.231385292993473
21.381047719443394
14.230763299603852
21.456970793289546
3.8910422342217137
8.637582088589731
22.742113831550853
23.202657164775268
25.74269471242963
14.095144611874371
15.160878806972276
12.751486772487695
14.325575756225511
9.548705058475567
27.884245435824532
4.653586478288243
25.003798294310876
29.21347530495847
14.194963033218775
20.106351071386868
15.540220140366152
29.583311767488205
8.344474007301981
10.511012076771927
31.634863147525973
27.103623944327694
20.158362823091082
33.34175549110674
7.681392802035802
26.27520720914506
13.218516572684905
2.525204860822727
20.267031204711408
31.264616676310744
24.14779824429248
19.82517676469731
16.823264813044567
15.58766822950765
11.308740251090592
1.0023753708872698
10.902581117769397
1.8376437229664675
13.424144931904818
21.939218752751557
25.89619980365972
13.573238441754798
14.055987660132777
19.01605406107367
20.432433010149506
17.79430796057109
24.93429032361171
22.434416374101602
22.3253042243688
14.432441153097619
19.85225325505396
21.08781668335494
26.173366356623518
11.068571138068108
15.148984198575945
22.802021693037688
22.727726903945214
11.60683305501751
28.98383606623824
19.75143475059536
22.090275615590006
20.459609981899984
3.0844284747897186
15.95666724885817
17.217588813210764
22.4736225268616
28.985688698132357
13.010663230548342
11.905906385597289
24.334075536380645
22.239374974155183
20.46221266202127
15.81287415287581
24.361061053678533
