[X]:
6.992589968149354
21.815072932978993
19.2335428792455
1.6359841008532827
11.002141738937382
20.160816417991924
4.6556883567220515
2.4165395426736374
11.572419674295864
5.571795049919959
19.696236969900717
19.96760814782781
21.704375831199187
5.395801954103444
7.457109709825577
7.581868670456782
22.698256363666445
17.772624057723668
22.8282954250753
19.058753099437396
17.380816978948676
13.474708448696425
20.442939078662313
19.152761744880916
1.1370129123233403
17.102888455642695
22.8248194517985
20.823136085703258
24.45936579198075
23.065321385636476
4.2407866291319625
24.76547915089291
14.182236091237122
9.925633515705579
23.490900686471825
11.78893461936584
16.369785240566294
16.94757692720879
2.35658279572411
2.9123348519048715
8.147475599695792
12.140439502495157
1.1942186360437923
21.066347421176253
3.098735981393691
15.004306225920539
20.5742203239948
15.517625093076612
3.735172858289246
2.9526827164547798
10.195602708730423
17.73446788717182
10.065290848222721
15.742601919228317
20.31289697817062
18.712255508378163
16.015405112307015
7.690286508627117
2.726698651082879
15.924696405826
6.043351977469936
3.795292732646241
16.311253493185767
16.827192357008062
1.6763826019513068
23.95758478279242
16.890510553877096
0.6036914357120393
9.330588501995646
22.197784458083188
13.159698821975882
1.7133077986266176
3.2806248578280766
4.04263233820367
18.7561777356776
4.1227765256270335
24.640376342010185
16.874064594792728
6.222508338870014
15.652128509620484
15.873479109869459
15.599430659696534
4.497392810958425
24.52621642118234
5.974733200794449
10.544540016851526
10.17122808435479
15.37081931396139
0.06786031531758052
20.295730498436242
12.88343439907836
2.584723764359756
23.54368704919041
8.322126451260406
11.453819128387899
7.294986107403368
8.678672542948418
17.223164467601116
19.025295106148064
1.1151903586644085
7.88984793772049
22.832451007878227
16.173987827904668
4.87060620697479
4.769455947272666
10.72667881417288
11.62931903659076
22.8823713368605
20.309135342598992
2.004176356364834
20.96907393915279
7.81905262984848
11.788096634186868
16.61043376299379
7.770972293669076
4.722750141200355
11.573551831404888
4.107793652211111
11.998642110742324
24.08906483821242
19.7831597566894
4.6535592527859935
4.4918030916005325
3.4302372739349023
14.930008613106688
5.482869087169076
20.959577024768578
19.814171186254356
9.823728929616928
16.2874832483922
7.443594532780717
9.678656932763394
4.746055807066554
16.774440130132117
9.574982803297308
11.960129867136768
0.5868869127285348
13.94112149642274
12.430360813737709
23.89919116134884
13.962779833814402
15.691573952951995
0.5738448535880514
20.845020607376956
17.365906619875368
0.06095418197339386
5.535150446576992
4.083711909948054
11.85331262493139
20.110161115074042
12.143383512323188
20.684211277264243
2.742828718348905
4.324757328169615
18.665640085170267
23.923853932451106
13.613688054764793
17.95017373096487
17.24096672284478
22.358621300468673
12.718139077716176
15.982646960064214
14.992605320212219
5.250416987922743
2.1294691109947417
4.632500896437786
3.598166739285516
12.128249527702046
12.93159256727017
2.1021947349644106
15.55182530825957
13.207269515589312
7.630049439863152
21.490144343962772
6.589288224391435
11.468475444881
11.392861918734578
16.295189944729398
8.413411024568166
4.8742978021629195
19.0349834462189
20.471322280248742
23.603840520144075
24.750373300577838
10.234914598736458
0.8019159515679164
8.959288669843005
11.911894863882031
19.625088752446867
2.8817393839785406
3.8345274389397668
8.303268763761954
24.692265318359354
3.7041784797254036
18.746441029492875
16.083353073543975
20.69575122665149
8.617554493764837
19.783462704776504
11.750131879015008
17.688541108776427
1.2901289085387402
6.0188537061631795
11.016555347586065
11.471020397821432
23.954923491578093
24.72184448525511
7.524602993426191
18.04326785389286
16.04358791818431
14.120396078208078
11.530328576301038
17.87418345861631
7.419548788588323
13.541160984867581
24.365824729808708
18.288118864722893
6.256574239671505
16.67043105296871
3.456137246658095
17.076937254429104
21.716608152123932
5.602763842323941
3.774687868239901
11.404318550727577
14.255400793099101
9.707251765932348
4.921492775785485
5.375898613042601
14.588768768644837
8.117642645966827
18.623362354592327
6.980585304311784
21.88436992795649
13.56507109239405
1.030617896448205
13.348268958004928
5.32871512905804
18.04049706172449
6.2691092462737465
1.686623733627296
0.640604107615303
4.306827332102178
16.76773504554485
16.26879306857028
0.28477756593869585
10.16007814964304
6.623103463515339
12.84944372062361
9.791219831646414
24.798100567924372
24.90565720575797
16.62230704381151
3.254280224372283
24.64193230351224
12.410365101801233
23.35834949037495
9.488474407123443
8.896275838502623
8.938032090233495
22.644228904237806
19.45072387995926
7.882331843986931
2.0255630371075335
6.402147907263195
12.21504285613107
22.43778602784012
10.697150572218108
20.872988101514075
13.124875081559468
17.68383842208153
12.96385433071992
2.404981179156465
23.549922149700308
9.335989090323613
7.214312475759538
12.46157945593051
0.8508826290940935
15.863941095690395
24.825760129656977
7.368692325851766
22.115303158131848
22.957606061513083
19.96977216392039
7.728101129989351
1.4795594695905274
4.202013356740858
0.8146477650992912
5.17111969811837
5.380392199893399
0.1462131504535974
24.340873481423312
24.587686572664342
2.7655837103856022
21.43940882763004
18.83368718837057
7.391601848212928
18.713093726774773
3.6614424161855896
0.31909373020383436
10.043620039348461
2.2284329837009813
13.57786403961464
9.71808689330289
16.126518015109394
12.149885299775878
3.924137185249743
21.426098849638073
24.459466489559205
9.43558804021308
3.146391868740897
4.091556100669541
14.918016324933564
3.877176129144075
17.08484371119695
16.384167625848754
13.132757040287164
4.548141249517757
15.660010032001292
23.66081675176341
8.870845577321857
14.58195619946943
7.149889090625683
20.878426310568905
0.0951950700575882
20.579659123566586
10.772335386618284
2.0957029927202693
12.845349583014492
24.63129667779363
15.167639784379913
10.739007193681116
1.0445912257572991
6.935621701192438
2.6318241406266236
3.1189557238240684
6.345772042947839
1.2457060456276703
2.270362489949937
13.020000008726711
21.9354982842268
14.520787786704433
8.754183072427082
13.178412542237602
10.864668542628293
9.297535153256556
9.697619791869322
12.755899489429476
22.59636876557235
11.374330996734722
20.518340506658532
11.659524565878876
16.774257720403128
15.102657050048926
9.758783951132365
18.952688820428705
14.97116854118247
14.801192795113908
1.186034286123283
16.6166338797747
18.399715750038965
9.379686271018372
22.489911143467367
3.487295114065983
18.446408233743906
5.90485103403455
4.578603938179427
18.361338426086753
6.67144349237177
5.326651757965017
5.990690355428183
23.264749281918963
9.633393447026572
0.6489372208492022
3.476417078903124
20.53770160758689
1.4085534148104957
4.98873672358365
0.2266780943352198
18.58765824760064
11.582183654244234
14.37255347447375
6.459650487074891
0.4720719116147021
14.380315876863495
19.316872378239328
19.767903237918514
4.382727550548726
7.1516927372469095
19.822503787686323
6.9077323703263085
20.106413656259495
21.403606253669444
20.870848952789434
16.11410685976381
2.1969268854558024
6.507657593870231
5.098058152351864
14.321714824057386
1.020151247161985
9.348378414760846
5.82264177515541
2.2201974452125297
19.76079149148377
22.437685436542896
23.276234803522662
9.746858865509509
24.847573323126543
24.291974846554567
13.653055713140331
20.544788565839873
8.761502492249903
1.8564471318293836
0.2302793065573877
23.43095814297027
5.645626599930245
0.9526539649166638
0.5593368297365481
10.533507191504915
6.962449206023666
4.7821692935980655
22.74248978132288
1.7347597532119674
14.965584428330175
11.098208016162362
8.325912642048273
11.257757513375685
23.316803671228932
22.5525798223676
15.849070982701594
1.4271104542750268
15.27169496204715
6.431836880436373
3.333944742586506
3.976816117063764
12.557245126524164
6.749072971564418
1.9856250080537734
24.278959227935864
17.524386247471803
16.363901707188212
1.1095461390146584
7.024963911421697
20.061667702994836
14.702396948404218
16.963428142819765
11.866628066983557
9.04355921185219
23.69930256588564
10.290428676932928
23.35953076047294
9.384358155450265
13.306013227942312
18.22204811824201
16.87889123454109
13.434566945307076
12.933002884584118
4.276228260208684
17.838999662233867
14.713661219100157
24.656802334887022
13.545244417752277
12.205642620188783
10.761677446901672
9.012585584233342
4.736415801232205
12.924581067774819
18.87367957283235
11.532526562075102
9.679271387474989
6.369447318722268
18.812129103721862
16.372636416926458
15.496536267154845
20.093054072488982
14.950096556789557
24.676904323759803
11.102844860923152
13.997511006491495
9.494823837307703
7.449127475256345
18.884862793447233
18.4079135744315
4.692938521214626
5.569868568476519
19.472980485823367
22.67278613332101
23.256202355232002
5.8082445248897105
8.809481820886292
14.151469304120418
0.10888633849037432
9.23426513621228
19.105552451390775
11.382328474556406
22.832703750213938
2.430833612774877
18.3388927182368
22.42094617959035
22.953201566132105
10.940072079085722
22.606771140547604
4.774121919779761
11.141946259240937
6.184378956017558
5.229601337475814
13.838157318771538
7.217646718355522
12.232614715971371
9.508763829877125
19.032389324061995
24.05413647284161
13.619007428721815
10.097685425238968
11.055817933514986
8.629173310247836
19.276777037315274
14.132000950852039
3.795982201541576
22.093462602626378
20.06369423889102
1.624316558918426
18.816602313908014
12.262423058176278
0.7088326116420712
10.451243123821882
24.311541747230077
17.459659003889648
23.64335777205613
19.35551219180855
14.574104514657627
6.426378646575731
3.0981413206331077
22.985784495163365
24.335864668965442
16.94107667246878
14.71866909022776
9.830546359273665
2.9139494655593317
6.6131927031113396
0.9039365746996125
9.215478631255683
1.7095899136284758
8.877108134528152
9.541329694624215
20.34074747182119
8.143164309073267
3.075630065007812
5.678767884439287
14.668271074668674
9.8004899934517
24.23690281756156
22.265989683285117
1.5109994766995816
2.1589273590275764
1.4182345089530257
18.59949593203374
18.047069592063597
13.03964475976554
13.174334982286878
3.5622279775410104
17.720909921571252
15.070993168528075
23.55313071481016
0.2693647241119784
14.423114294851914
22.22582618747463
3.36441335826029
24.718085844596324
18.79910812236261
6.2365491681868255
3.067120304117718
16.44264227428922
14.07898149644329
10.849147211979087
23.760665627299783
24.023957821998703
18.20389828619078
8.643770186793956
0.7722303878906656
1.4077680224698934
1.6468120326957854
14.099167217686471
8.124165197692134
5.482020804349899
15.730542478996835
23.59141263661691
11.543661387759268
4.087132194942758
22.37180573118874
1.143524726084988
22.92057269684749
14.408981560228984
18.108108450443158
22.643769575142063
6.497528652419524
11.383630923960695
15.159835149716416
23.006817856927185
1.7829686560835638
11.299340583484591
21.7521450635589
18.10017039767459
2.27358957758311
14.927222489664327
18.20089679384459
22.986336963772942
1.1264709507391057
21.72960756967009
8.684255462705986
6.231638692057645
23.801348278852892
5.496709358926946
16.39730959022354
13.893288639062456
21.404730905512803
8.751490864228249
9.2723677982418
5.291699003802669
6.721995674449513
6.608976549672158
10.508871193505081
21.59772366080765
24.26487066876089
19.753920229115092
19.553283041638466
13.229452286739612
13.76778659479822
24.64817782235267
6.842080301755182
19.508256834597397
11.29102447260045
5.767357092395706
9.869928024211125
23.984531454711224
21.520770122399817
7.862286136289967
5.38461770778593
1.3415080222604208
12.894741745742651
3.5163394735147264
10.052813537288744
22.462045421956233
18.73480591309578
23.16185083047927
10.945001205861965
4.206304932846522
14.032823481416031
6.374068035333158
5.163113442766343
4.022674736826917
21.016815486852664
17.007568427543383
1.2449086907183327
7.819962135224704
13.736011453307158
24.651297775897593
17.09849379079188
21.903098702691985
14.055897182511549
22.532308235937
1.680281658867297
9.028618249500125
1.4350340768428587
9.41961498178343
4.323681563564491
17.988546001055703
16.65851888494771
23.488270496371054
14.132541884497602
13.693057413086654
16.407476640515107
21.833104966131994
21.05603472260998
15.806975975625184
6.794224483389219
24.606094963466322
8.58182766729384
17.50885805289316
19.651728566077097
4.927841840233166
1.8211876093169876
8.562841181387585
20.25592249197323
8.798279135001552
18.660547921699525
18.159301374495126
2.5604536471959483
11.678178362081079
20.126651340616633
13.360015753888765
16.039120134300017
3.2384623632594005
11.373493655088367
2.9987097813530843
20.567683658038742
1.3114097842415267
12.681212177320274
22.34905437481556
1.819938767247653
16.875730150222637
0.6944464874708595
19.487012778670838
8.80467299340491
5.793328008762588
24.734203987955315
13.867977359637909
2.971082997969515
12.621222796911336
18.075308918243998
2.351756081011
3.1866045323316188
15.30426705012014
7.45642024336903
5.336077745344631
17.554555278396208
24.412912419006766
24.800901676627973
15.86553807084073
12.347444541802826
10.06509347466482
19.667319306006274
13.996109046745586
20.08485377601023
10.529906467054898
9.766467122711878
4.139395677361252
13.014099291862536
13.59254859982737
14.338594783677616
4.07337429873475
11.184604734021372
15.057453739628032
6.956310013430603
13.21724864977805
5.853011043976361
21.464267845606706
24.8095876968427
7.484592988195823
22.425736968940104
11.013443418462638
15.540686724913549
18.80515681095058
24.97593285939457
20.509384204598426
21.764202235221944
20.7212104796703
5.5389651843894665
17.343546880882325
1.3530120967428227
24.0571919619228
9.81129765435949
3.5298216789139163
8.357029573105754
8.693833212186359
16.07788474071529
4.220272211179665
16.543864335881107
19.83179736729146
15.758454612362694
20.315644122553273
5.845798648014614
20.828016045468377
1.5602307541485532
23.429633302329787
13.53660724261951
24.685674235107445
10.440298895999984
5.55774413862436
16.25648123796343
0.07003714790114468
22.004907591523143
8.52434177721828
23.4285228011916
5.120267357701905
11.279457629688691
4.272594733935428
3.9419482259206937
1.371943717668489
4.847882798895705
0.48043917792083
23.17266654193206
13.086774780775515
4.088683261853815
9.909171826915456
23.714674344441107
19.438508377646347
19.369859282619526
20.144590106155345
23.797861801133706
0.3373446303084837
19.986512152402245
1.4251142183300258
15.568706355048972
13.710921096779122
8.732291283614831
10.770230029345957
9.715872930820643
21.791614033520716
16.229898658531244
21.546639971460284
24.41385749927075
10.429523614036091
18.544135356020938
7.822277955529816
5.292319783879493
21.368560805576468
0.5397092245349677
23.348384208422086
17.035771309256372
7.896413312985412
7.506645195425532
22.25891940384782
1.8932585091566034
5.492519221688058
0.5697338944534669
19.000998432023085
18.306310273844083
6.741238962421462
20.384038158005406
6.40546851865201
7.387329909733362
19.461426911710042
8.842537318089002
12.633351651623236
2.4749197580672817
0.9723594696107979
5.307054322379323
8.711589239532804
2.4717343571971693
23.988774528561503
11.396148691050756
15.080550413328645
15.66734284263853
9.385788618117244
7.111769512486893
22.918849481719324
8.749779124280197
12.419449810986421
2.1797072466935408
10.144685625634262
1.9596529221905827
3.854031394241933
23.314443902706905
20.287209233517775
3.1278934927336186
6.15592605584627
15.681786400140641
17.48138086103648
16.6643786540015
19.209604318865892
18.045347676398123
8.892277783904529
24.418002598605657
1.354517590014606
19.196462695764264
1.0976275367373862
15.323416205911006
21.75501337962415
3.3247178800290293
3.247942789016711
16.298635532821095
8.42172062610183
9.895773698292398
10.1555676482972
16.72169739644862
11.030120983632427
5.084517773712246
10.817945862143718
19.539704648448055
0.18271560518043906
3.8634491939815248
0.3387838058513726
2.625718232785601
20.74733786072186
18.917671497940496
6.097351865323722
16.559231514005468
0.1849420454089784
14.744702519937642
4.478092390442959
3.1186474342887127
17.46031116263191
6.881509003848371
5.658873297800421
8.206796876965381
20.78226878202208
11.110431193110006
7.375618420482049
23.942962432807978
12.52612463330782
2.0234285403536196
4.131825460165389
16.872011777798996
4.5959768904251135
4.1738028670668585
10.01237783280781
22.306690006245056
22.380458455564657
8.447910540453405
23.160881123602508
15.06956065540585
9.609902877773058
24.08512171564804
7.297383587618797
4.43856384486398
13.14955057182971
3.8942361181340064
18.161461237007135
23.366726232413793
23.138296543621202
24.17013432364088
18.685045375168986
3.306800464353843
0.8611250521088409
23.29011199711611
22.195196295314325
24.43609102160238
15.251132991410628
17.870051209217433
24.174157690335353
21.9873526281972
16.662550647312564
17.595108104364197
17.04790997376911
8.362933824369065
23.10957484308067
14.321152089434152
10.380555918402504
6.12204876936773
14.76791676639461
0.5639361501683926
0.024690873295502014
6.668638374176175
21.52952764839594
19.793988240950817
15.734930977020692
16.609347939062395
16.74289409371991
6.3690413096753495
21.845240336776904
9.51118584890904
2.545044118147119
9.819742908039943
8.275336480991943
21.692626661589678
22.506749310481368
23.675077026283432
10.774695132594397
23.098996567330808
4.449482997338403
12.364762954886348
23.43393389044325
16.533693707887902
11.066672558864553
14.424736084705353
17.151416864340842
12.540436194629143
4.861286146597838
0.5905705719697646
22.056529775342135
21.84748698430009
17.988944958040285
23.407099405511424
4.474129503653293
8.229518880616762
20.50645534880457
11.893748104109383
17.39510076131761
0.3129283673958455
20.694070754591845
1.0668011222027123
19.142363236871994
18.58455055136039
8.524123753362057
16.98154381017981
0.6516364021569715
12.504284114692052
19.99699846138333
0.4992041513916162
20.688937959796235
22.91028255464191
18.261322853677424
18.055222947811632
5.952724870930526
7.497337841331758
4.744951461300387
8.467396476007025
16.992938793467882
0.2859082935924989
4.984780630002988
23.303066336091195
2.0222631937885733
19.294214672977926
11.598530764658166
17.518783800186668
24.430212407088696
7.256071936796596
4.488274619349758
18.573977878544635
23.45157883258437
3.9728490896643014
23.310349467647864
11.675633741226543
14.948314376707614
0.3019300831330701
19.88403978828694
7.907608177771802
7.243048897795215
15.91904444738256
6.129505052932646
11.387383095221914
18.913108299854247
23.123108287127963
7.2404824889407084
21.052125906542347
2.1837137401479687
2.977919892338729
13.355656046087464
2.0728467859634474
22.211183668706965
19.27423263928053
4.613570396982217
1.2928564882911857
8.492193896065162
1.0136671471567742
7.412208776347954
8.874463800614182
4.266479221048483
1.1133348043723763
18.68944168882262
14.515841904887191
11.393086921996634
0.8954686965165465
11.686194947608245
21.585394744210618
21.90885156184508
0.023952850907146828
12.399454075271017
11.87594486494096
22.459095063766764
1.2005339702823332
11.986730692792705
20.748376528708228
10.83768049081853
1.73067734203608
15.292322500167375
19.017010069583545
16.368923483870816
11.001694993193617
6.79730043227649
16.889046275611797
23.03465085901206
7.830082711524894
10.117252181323726
20.96800305118012
21.361026616836686
8.677902619222206
16.174076696525375
10.02189420934039
15.044630571436498
17.868605131299745
16.6613315261713
7.302696247441329
4.295062767482902
23.08832494603628
18.61158393233708
3.2874989478457213
4.114180264501682
8.760224067974482
18.522256335914093
7.526835766674345
18.38586147871105
15.847710201990925
21.262821654493123
19.046557632735155
18.633905966331813
12.284464915372844
18.251693976309717
21.023095760601517
10.396158226038823
4.842409426277417
20.719210896010413
21.107128729958998
21.111307573779346
19.13720709197747
10.471193724883804
1.5529728638011027
4.7733493981428845
23.326836007323852
9.401751894115955
22.09227799769655
20.060566785196404
3.9597431595082
20.127091249045346
12.170271655610257
24.060230920546513
3.2693564884241466
24.564646725810523
8.379347301673965
11.613659819474261
15.477345819310106
9.98537625560362
19.065425375390575
6.675486671814476
14.765664757646881
22.594945503127928
2.116943070373373
3.56715295535045
0.03569442996312344
6.293371999063199
7.150970329361181
12.480378221879624
2.1426764386812986
15.244246057758366
14.025875194937345
6.613801126279273
23.574695784185735
12.991947038217727
21.630633013020944
4.9232515176700495
6.889130498632706
22.765308540024915
21.419241563403276
9.071642414925444
15.005348053263601
1.0551857596113712
10.034822286946007
19.304118291265116
24.41573708135982
5.1550275470470694
9.797926640423665
18.196687479088443
22.06334764433828
17.53160342504542
14.231325034351455
20.066684357585473
8.072157848153116
9.994999862723283
3.9076813051807657
21.90004742366758
14.307686344717041
3.3832528800111423
0.4717934270651619
12.589974561966264
2.2586832556505483
0.5319238512792479
15.762581006344426
13.561133019970582
24.9661169416274
13.593153520221241
2.5188103627123177
18.967140645116572
12.537211479171148
7.704471654447925
18.675725989797257
21.53347045121029
5.971379138263341
5.451428540410652
20.729074245302012
20.70054373937486
17.90275432083146
11.153349881326994
2.3733058258656237
24.591810294719007
5.481281123708214
11.960126080042585
17.203240537643723
21.724549845528063
4.273767639881648
22.7180971634199
14.795812206302687
7.735102114647082
9.7725170345911
24.119324390114333
1.7491369551140084
14.233510160958456
9.521370396157486
1.4282559219924913
19.88165099455845
21.149765293788963
17.57643399431782
6.95542731181448
23.685170878211824
18.832945784792702
21.726204843350708
12.421500499850374
5.4345047205073636
1.3427811962201386
7.741821741973021
7.568463640351045
3.330426680863821
6.770314500013486
4.048940020875752
3.183058803159014
21.867443444854526
24.507058238278898
3.0669506052935973
19.51538962885255
17.135425835990176
2.719388019141611
20.429640377633753
9.290381674655777
5.510326810933189
7.7056311104543
15.844318769843687
5.603163756016061
8.061199545277061
16.688335166881853
17.981416036787238
14.700005688159578
16.594184344554176
24.632797258113946
22.962633728847837
9.79789573322961
24.71747918225404
6.1443426426970955
3.6228340839447286
24.16013485240018
14.9246599543679
3.0929213648625833
23.860149144303666
21.795445846760504
23.286297904121778
10.387184383328318
14.739908548315919
0.2645713092569113
11.580206053348126
24.585626522554858
23.20998973295526
6.021147178653738
0.9327451910652013
23.807564179552198
23.467236009208133
19.99632970388315
4.526650918312219
0.2893999147187687
5.707077168640207
22.262705713229046
21.515966090302946
20.447948323998705
2.3457724445891643
14.188371809887727
1.139463737817295
11.417089746100817
14.595751020944657
0.4384409591964483
1.032588857803343
20.265432878471916
7.92709666077403
20.202278000139636
14.21954322824625
9.019899403420673
2.488732925104123
18.353258796417997
24.64118354153671
18.899904710257566
9.006527598644777
19.71830944957678
16.213074382645463
7.894142108872687
4.3749983643219466
6.82881249675234
18.99467223333424
15.386675745504405
11.709002786967506
6.998749909862672
19.846401156437416
14.035111141977158
22.393569544355856
11.668539571626555
20.78378518823667
10.937066551177635
3.476199323987697
16.927561402590023
12.448551040545741
4.771445002468003
2.9369164358805158
13.803253318358449
7.408843962525008
16.779729568580144
5.220980735518041
23.814409138307695
17.21172381833839
3.276848007396799
12.313901334954725
1.3636444483007466
11.412678582374078
3.6544143103645457
9.125454613655243
20.691472090144895
0.39029030876751025
15.414236523106675
2.246683217118667
3.3316572396916517
4.87519403529647
4.782863966130233
22.44371997449364
14.150306915382671
13.989240708591652
22.193622414354678
17.928052980948202
20.615087992859195
8.161093589479046
10.967022885832261
17.205515620660943
7.574714375618638
7.9779516714217795
1.802850399208031
1.2431253920028196
24.028370253420782
23.388870452202987
3.2322300083002937
13.671579864587152
11.637863734298396
2.6231022616140547
14.76198003679497
24.015518551492786
13.07317206653118
9.216145249732962
22.32461769755859
18.08339143564142
9.859613144510352
16.979495907629055
13.889670430029643
18.34964587963895
16.743525140555082
10.751127762467844
6.138119341079645
15.971127298906401
24.835465534990337
5.478673663773454
11.246503237789412
4.665200692582633
21.253958343909602
24.168711475535893
23.813214572366974
15.396720171728093
15.505542656593274
18.4637543218323
17.962191452259972
13.984581369799335
23.097141409296935
21.11672968536355
22.185279241245553
8.807656991840219
8.539149819969236
6.8582349905754905
13.309266352346766
6.958211254009394
6.5240793530651455
1.6869739091702918
9.521248131272896
7.42832861419152
4.866735495424049
11.995803907392826
16.73811155903685
22.355765986430278
21.112245372420436
20.032802748649665
0.9891220185261035
22.877462573678848
20.978812425830988
3.6807498355539563
24.666344692664456
11.334417455367612
18.84376055226388
8.50327227833315
18.527782699833185
15.944382686372007
13.446937046994803
24.769089668759104
18.93123439081978
9.311023557926584
0.385854595369195
13.020284047214794
19.46878984035339
1.7508305462322156
13.596605171931579
9.46291905287974
18.594991298285468
1.4273264963154286
12.846175278259706
20.093685234795007
17.504910229679425
23.084150772558342
19.609006063217485
4.439392454954685
3.106413624279425
1.7524164265249413
2.190408817702277
11.847616112756285
0.49480415903248587
8.366404782764086
1.588029723015974
20.025590726448268
6.942171045476709
17.472031249487422
21.897262969212736
0.09277177835703143
23.822743651825938
23.040071685479894
11.605935453136365
7.960729439983405
18.796684321467367
14.176137196726254
9.029915730729668
3.220142117818386
0.8032484873384454
4.668450638829086
1.6501728594645104
5.615829580138423
20.87216596009388
20.90928371098425
12.553678183793165
6.838252752681992
5.590197068546243
17.28465622835134
13.752074995812972
13.204130834733707
23.880046040644384
6.776901446850175
9.317815519117682
13.416959566453308
12.53041074024285
24.896692125201536
18.842338279000277
10.07593461367396
12.935375206892061
11.952248142486216
14.065124431151926
21.64578535780797
17.036440810254682
9.107325368207341
13.492266756160712
6.848545212426341
3.154700270064281
14.131303067847789
3.428159272373726
3.486093941632093
14.672836205235823
3.3903202380676625
12.079535119365946
9.166712839276789
17.358041507246522
21.810992801706412
24.805959422433656
1.6224997607857699
18.843587540255115
0.40560042624669945
2.7557840630172388
13.751141088095551
2.9057198041112593
12.90779610712097
4.748972849144856
24.883155744612154
2.9286196059690712
9.220285315129004
18.92071271688957
24.145627975249777
14.78275750708004
21.79808610783232
3.3297270518324567
4.115975278080381
20.48712094367331
4.148248234461871
4.307751502847132
7.421806466800332
21.676261062690294
0.05403125913142348
15.872670669529972
16.968723111467913
11.765543741206312
18.02803355793309
15.415405812412283
10.868577922723594
2.1199547651023027
16.943792049140445
11.449615242710637
1.4850194579444782
0.1219938535186954
17.707179458037306
8.467855940996635
15.36788362535924
12.652162854218277
4.9185367993601545
9.896335560783454
24.589755055255235
0.7904481772833732
8.43260397176811
22.94125993877741
12.61366383828127
18.351625833757858
21.463552825363116
2.942478197606077
19.898551278986222
11.176833264130343
6.982782381955707
3.2304036533081115
2.851662177071612
1.23425746723006
8.016659404044871
23.245047726167066
11.39072827567032
15.481864772055179
16.444999636893737
20.514581656235272
12.559408316246445
0.6388084159937746
5.4200942596092645
22.668373536998445
12.908523187476362
6.0023491480431765
18.062988113429935
5.272630819438017
16.328186303541166
0.8820772924762021
19.614503590833387
1.1001329459338156
14.221076384085155
10.546078783630536
3.8112693745306183
4.447581168181272
6.1564894154989585
11.90363523004318
16.287022072218406
5.604380493892963
19.68383995869717
0.019051387455298885
18.160092094506012
18.52531628457773
14.916098321531498
7.592775516057698
20.685062863264605
4.968640715186185
4.296860475470535
17.700454664257993
23.384392043701425
19.299318453013576
14.558180328021331
12.388595585723976
16.418597915670585
17.80781157225327
12.467543853342475
17.068296149625745
0.083007980120553
2.9675794507753652
14.698210328276643
11.510963895485538
0.0965672784140531
11.887286905323851
20.641484042316947
5.000064829124623
10.497134447490575
2.222760071954133
18.315841435673665
18.72893358319353
9.777151863861949
7.241356881414617
23.61540475161359
5.762526881732693
13.343374513927763
19.928323305766465
20.427846403584894
12.535011629983602
10.542626591077722
10.460580846587531
20.203836165847985
2.0923499137898953
1.6419751744744415
3.9994100558160857
21.823114526599447
17.381839092723823
12.800689651396938
15.600184073322405
23.65194047836738
24.270119142630893
20.624169991409076
21.030885539588827
4.436354528369013
8.903948779799864
7.960972758899032
18.3294334235312
2.6959209558079706
8.672787161162518
2.1083180958015593
19.241075493551442
21.54638176468169
16.999876787163377
12.08615401160025
17.223524262099627
2.421902312628446
19.2213939312289
13.65574823309571
5.261949048654468
20.948903494739632
16.11113826964492
13.717291767986783
13.456933405830975
4.003833699412512
16.892777863224754
16.30701713495411
8.425315858114137
5.922810401313497
12.425813996971721
10.273822704470534
16.049307070818795
21.93181446563958
13.797519226905393
22.597219553052607
22.443512106332577
13.403978028116278
22.363607615752255
7.426490162422661
1.5608857332309767
0.12777935305096355
7.6032533841314915
9.221867920329208
6.891758739173806
20.40360537418737
3.541090173572475
0.6759203475758563
4.596420758676459
9.2971892075606
11.00616978643374
2.193404401935306
13.009334534616904
13.52673263147493
3.4675929629501305
22.963491763424134
0.4067910387210327
5.495955789955281
16.351671326469546
14.860622742796883
15.49688096286176
15.451624506874639
20.753309228510805
18.96129359852686
19.39973528526685
6.6191114123128
0.30825807684505546
4.632680830456132
16.959634534003737
20.664398037832413
19.761600520393912
11.795840800389076
20.204363397540302
13.000531364110019
3.166386359935727
14.62614224034786
2.5458427997716635
24.640209941672396
4.71825840282886
16.99985946963239
20.440129136034404
8.117778840902801
15.163621543729786
18.231680921702612
22.9618437583999
10.646286063415774
2.9980039691803766
10.413335028221132
0.25589737379382305
24.837490081338636
2.485133220453445
3.8203369617375027
20.1514434451524
1.2554856543352004
6.544934997187394
23.91962880278054
3.813995894585509
18.390917416273385
7.802813424764887
13.996883085869696
12.91980620234073
17.884562323909297
10.059771561571784
1.2997535565491491
0.5314377658997171
24.429543524382364
9.547313862787671
0.13750008506239197
8.970113139803848
3.3268461039493493
0.07082369881383221
5.945075026885249
9.856605566336993
16.352724354459294
20.106729549873652
11.552565047769301
22.30843205068901
6.587464447730984
22.933126273214643
2.027081809766937
4.794465873269452
15.703090901820179
9.32696501413344
7.284461562156736
19.41502470355789
22.715210955889575
1.2745284532467316
22.987733355478436
20.147358284691723
12.01077093220099
13.087695586913423
21.452862185711545
15.037725388630111
11.648239251812434
17.93755042247928
19.147226050319972
8.91720464957007
12.359377536005207
22.331678681232027
7.92625274165136
0.8715162480007338
0.4212469811403552
9.377528012772403
6.854784973201217
12.989747287869873
3.299848894404081
15.979296842839313
4.860940081520421
14.216757455511985
11.961860129045917
4.528287948638901
15.217934192640678
10.170529846758658
10.972688274717479
23.73484037445134
6.139826222154632
3.6682724677245204
5.074807351268829
21.058528236653313
0.9529745055563116
10.372104775550056
11.205894077509365
18.127459916140072
5.973254355622021
5.7761662827625795
4.315703862379938
22.68120323646187
22.786091398809827
20.01775374142069
10.868604120567962
8.793727547793665
7.805664786271748
5.935071951415319
9.822973093176671
3.1324039761369606
0.7141854852612206
12.124566506435649
21.00360096515734
14.800762734781717
0.5760846110394874
11.526710799388734
3.4735326867163656
15.238135196857549
4.912386208886311
20.48064809346128
14.454819107147173
22.781117602305386
10.23760501606333
18.240366550844964
16.437022808493992
16.62757864162487
16.998119224493085
11.751420542014424
17.434819275337286
13.626885731808528
6.919134705101193
12.327051547413253
7.036654757812891
9.035470403225162
9.61223817345843
11.342599692751193
4.497660048906527
11.731899650458466
24.016491381678122
9.627657457325395
19.74890986854865
2.2287999008957615
19.22998057145424
1.6108075213628226
24.95352728260474
19.875959353917153
13.64014482277005
0.46897986354959564
5.110046741656091
14.799858952044382
3.162754978178059
11.269355007383716
19.839710860026415
24.529647270314932
24.512119326496602
17.73684629600931
23.57570733051991
21.10141567096012
14.788464135064991
0.9057774995408052
4.8376537233846495
4.43305932938069
22.93949408727011
23.03013108233757
13.328114064172357
19.195201291412907
13.752920580093479
19.78066260173393
6.195410884843472
6.496566257401845
1.9974082811884675
6.555931996329766
9.291051172428677
23.425766491405415
18.12778051219345
20.463022267251368
17.41390527675674
12.875437904583434
4.588844082631183
5.67432622156088
21.28711058141336
20.207991102060483
3.0434501993113927
6.2807358693933
9.918925248924552
7.013425069255252
3.157418764707773
18.96596073278802
11.850526355523423
20.61500734946086
14.789074217522497
4.489247737933927
21.951693011072845
8.790076048425815
14.635391738881998
1.241157523631814
5.506579541380294
2.649959024022641
7.374216505160455
13.969417924469782
17.33711406721036
8.566214017638563
5.874772997618893
18.383229186200637
8.85442890342004
11.149787969751959
10.751037676360701
3.9883270571203058
4.013337704301828
24.23006025287652
0.13709739496695073
23.71426555292628
20.340604072207142
19.03252798679623
21.400554691695508
20.138098874466635
23.440176506763706
21.954155172488488
9.316818998767298
7.54992717103504
15.466294961158452
1.511776043522356
18.922858770389638
12.524856992094763
21.822632748956096
8.679536542954446
7.947126718620804
16.106729104920504
14.3103568468876
5.7700492584959715
2.2267981196506357
1.8644822111709203
22.42146180895992
7.0264269602204745
6.811923590006089
3.9310203357532156
3.19249395150234
22.915414626458837
4.465534230888232
0.424981752110104
9.483892599299196
20.42881159702304
19.7304269567551
19.11574895402918
10.996472615076607
16.03104571171217
6.406283665332305
2.7199916077939505
22.986718049293327
8.29626451962295
22.587264732110114
4.8807629506173065
13.323474287306695
8.334649107767369
7.409383167159664
6.567245805295735
12.456681849664342
12.32983239885998
2.092494513361393
11.409811666977445
11.754027524670322
3.1122600967466774
0.6857518742265117
1.5819308758462547
0.002662720714036171
10.271540975658466
18.990694018283357
16.37685266625491
22.88877853205541
24.63299475781422
11.730660292525513
5.484532311358381
16.199079173845334
18.21589128677162
18.139939503202577
2.671277771956043
21.00795828383308
14.436799396153141
2.8203230610435948
2.857396597734435
5.22297855282465
7.641342462243808
12.990427300267754
21.181278615313897
12.376587953554917
6.253311984047663
4.992668787297672
4.153825833453037
23.746909594502416
22.71791029451089
8.552777793584863
6.556746897700141
23.7756158072213
22.431443588766793
7.2570554758219945
10.220770871652363
5.135690173058532
2.1853354282860837
5.957210356741635
6.395744065047271
1.75598651835501
11.532725918098263
14.546484650466104
5.2242167274779145
23.502285366150677
1.9728280324688596
12.504486957442424
8.535476043781994
24.112127108351817
6.54427960741536
10.646681671866403
22.32767415336315
6.794925234676636
11.026576938652743
8.23368675234842
20.708889494798314
2.6700324835824962
11.553683148902502
5.077773348332401
13.755928871784198
24.401814264296537
22.18748300902185
11.403475261355627
7.43933470713487
5.897096456196782
21.723943371550593
22.41096680984035
20.99351765906797
14.571942184784211
5.178187743510246
0.6259451651308257
12.360437552275695
13.966888555946888
11.760690832600092
20.954951877022804
5.937012854900833
14.68175150964273
17.082629656542654
3.2912393846495136
14.825286173898736
0.9262988835297192
16.44089360870856
0.4379798766922932
3.0895715897755776
19.20071666052171
20.27477116643295
10.810274693403906
3.7431531272816705
0.9619431921794069
10.224772593922829
3.3882083877260216
14.47827760791064
2.142366573886012
22.14509845994653
24.507411717991076
6.571002868646972
0.7808757679648837
5.406734528603069
18.418149268089756
0.20293811405502626
15.612962199542432
[Y]:
19.39407197451948
19.252058346383194
29.1868343033964
5.5087872806826255
22.001713391149906
26.92865313439354
6.124550685377641
15.733231634138907
20.057935739436687
4.457436039935967
19.956989575920574
26.774086518262244
29.363500664959346
16.31664156328275
12.56568776786046
8.465494936365424
21.758605090933155
17.218099246178934
18.86263634006024
24.847002479549914
16.90465358315894
19.779766758957138
19.954351262929848
15.922209395904733
12.30961032985867
23.882310764514152
30.259855561438798
29.258508868562604
34.5674926335846
31.652257108509183
5.79262930330557
25.21238332071433
15.545788872989698
8.540506812564464
25.392720549177458
23.831147695492668
17.895828192453035
16.55806154176703
9.685266236579286
2.329867881523897
7.117980479756634
23.512351601996123
13.55537490883503
18.053077936941
5.478988785114952
23.40344498073643
27.25937625919584
22.01410007446129
11.388138286631396
8.362146173163822
10.556482166984338
21.387574309737456
22.452232678578174
22.794081535382652
25.250317582536496
22.16980440670253
26.01232408984561
16.35222920690169
6.381358920866303
13.9397571246608
17.434681581975948
14.43623418611699
19.049002794548613
17.06175388560645
16.34110608156104
23.366067826233937
24.312408443101674
10.682953148569629
18.264470801596513
26.75822756646655
11.727759057580705
1.970646238901294
14.024499886262458
4.434105870562936
16.20494218854208
14.098221220501625
29.312301073608147
16.49925167583418
6.178006671096011
21.521702807696386
27.698783287895566
14.279544527757226
14.397914248766737
29.820973136945874
5.3797865606355595
14.43563201348122
23.13698246748383
23.09665545116911
3.0542882522540635
16.836584398748997
19.906747519262687
8.067779011487803
32.63494963935233
9.057701161008325
20.563055302710318
7.6359888859226945
21.942938034358733
26.97853157408089
16.420236084918454
3.892152286931526
7.511878350176392
28.465960806302583
12.939190262323734
12.29648496557983
17.61556475781813
10.381343051338304
22.503455229272603
31.505897069488398
27.047308274079192
15.403341085091864
25.17525915132223
12.855242103878783
13.630477307349494
23.48834701039503
18.216777834935257
4.978200112960284
21.258841465123908
4.486234921768888
10.798913688593858
22.271251870569937
24.826527805351517
3.722847402228795
14.993442473280423
7.54418981914792
12.54400689048535
4.986295269735261
26.967661619814862
17.651336949003486
18.65898314369354
28.029986598713755
8.954875626224574
14.942925546210713
9.796844645653241
20.619552104105694
14.259986242637845
11.368103893709414
10.669509530182825
20.75289719713819
15.344288650990165
33.51935292907907
11.170223867051522
22.153259162361593
9.45907588287044
19.076016485901565
25.89272529590029
4.248763345578714
7.428120357261593
15.86696952795844
13.082650099945111
31.08812889205923
12.11470680985855
23.147369021811393
13.594262974679122
5.259805862535692
15.532512068136214
22.139083145960885
13.890950443811835
23.360138984771893
23.392773378275823
19.08689704037494
24.57451126217294
16.38611756805137
20.994084256169774
15.600333590338192
14.303575288795791
13.306000717150226
9.478533391428412
15.102599622161636
25.345274053816134
15.481755787971526
19.641460246607654
18.365815612471447
15.70403955189052
18.39211547517022
11.871430579513147
19.374780355904797
13.314289534987662
26.836151955783514
13.330728819654531
14.699438241730332
18.22798675697512
24.777057824198994
30.28307241611526
29.40029864046227
14.187931678989164
1.241532761254333
8.967430935874404
18.529515891105625
30.10007100195749
15.50539150718283
13.267621951151812
21.04261501100956
20.953812254687485
7.763342783780322
26.397152823594297
20.066682458835178
30.956600981321188
12.894043595011869
19.426770163821203
22.600105503212006
14.150832887021142
10.632103126830991
16.81508296493054
13.013244278068852
22.976816318257143
21.563938793262473
34.777475588204084
18.619682394740952
24.034614283114287
13.43487033454745
19.696316862566462
20.624262861040826
25.09934676689305
14.335639030870658
23.432928787894063
24.292659783846965
26.63049509177831
20.0052593917372
23.536344842374966
15.364909797326474
14.861549803543284
28.173286521699143
18.282211073859152
10.219750294591918
18.12345484058206
26.404320634479276
16.16580141274588
12.337194220628387
15.100718890434077
14.071015014915869
12.49411411677346
19.098689883673863
12.784468243449426
19.307495942365193
16.252056873915237
3.2244943171585634
15.478615166403943
15.662972103246428
24.63239764937959
15.815287397018995
4.949298986901836
7.112483286092241
6.445461865681741
28.414188036435878
28.01503445485622
10.427822052750955
9.32806251971443
14.898482770812269
12.079554976498887
7.832975865317131
32.4384804543395
27.124525764606375
24.097845635049204
2.603424179497827
25.113545842809792
24.328292081440985
21.08667959229996
14.790779525698753
11.317020670802098
14.350425672186795
21.715383123390243
28.760579103967405
11.705865475189544
11.820450429686025
16.521718325810554
18.772034284904855
28.15022882227209
14.557720457774485
30.498390481211256
25.499900065247573
20.747070737665222
12.771083464575938
8.523984943325171
20.639937719760248
7.4687912722588905
6.371449980607631
18.96926356474441
4.280706103275274
17.491152876552313
26.46060810372558
17.29495386068141
30.892242526505477
27.366084849210466
23.17581773113631
6.782480903991481
4.783647575672421
15.361610685392684
7.251718212079432
5.936895758494696
17.504313759914716
0.7169705203628778
26.07269878513865
21.470149258131475
14.212466968308478
30.351527062104033
16.866949750696456
20.91328147857034
29.370474981419818
7.129153932948471
14.055274984163065
10.434896031478768
11.382746386960783
16.262291231691712
8.974469514642312
21.901214412087512
19.9199082398207
10.339309748199792
28.540879079710457
28.567573191647362
15.948470432170463
13.917113494992714
15.87324488053563
11.934413059946852
14.501740903315257
14.86787496895756
17.907334100679
15.90620563222973
13.838512999614203
20.92800802560103
23.128653401410727
18.496676461857483
14.065564959575543
7.519911272500546
25.702741048455124
4.876156056046069
29.063727298853266
18.817868309294624
3.476562394176215
15.676279666411594
27.505037342234903
18.13411182750393
19.99120575494489
4.435672980605839
12.14849736095395
14.105459312501296
10.895164579059253
20.076617634358268
14.796564836502133
12.616289991959947
19.41600000698137
24.74839862738144
22.416630229363545
19.003346457941664
17.14273003379008
12.291734834102634
22.438028122605242
16.158095833495455
13.20471959154358
18.07709501245788
18.699464797387776
31.414672405326822
21.9276196527031
20.0194061763225
22.88212564003914
12.007027160905892
21.76215105634296
11.976934832945977
16.640954236091126
14.748827428898624
16.29330710381976
19.51977260003117
17.703749016814697
31.79192891477389
4.589836091252786
28.557126586995125
13.723880827227639
9.66288315054354
20.089070740869403
20.33715479389741
10.261321406372012
7.792552284342546
33.011799425535166
13.706714757621256
2.9191497766793613
12.381133663122498
16.430161286069513
8.926842731848394
9.39098937886692
1.9813424754681754
21.470126598080512
24.265746923395383
21.098042779579
19.56772038965991
14.177657529291759
20.504252701490795
25.65349790259146
22.41432259033481
6.50618204043898
17.721354189797523
24.858003030149057
14.526185896261046
25.085130925007597
30.922885002935555
26.296679162231545
24.891285487811047
14.95754150836464
19.60612607509618
18.478446521881487
11.45737185924591
2.0161209977295877
15.278702731808675
12.458113420124327
5.976157956170023
20.008633193187016
21.550148349234316
25.22098784281813
10.197487092407606
23.478058658501233
26.633579877243655
21.122444570512265
21.235830852671896
16.60920199379992
12.285157705463504
0.18422344524591017
28.344766514376214
7.516501279944196
2.5621231719333304
7.047469463789238
14.426805753203931
16.369959364818932
12.825735434878451
28.3939918250583
7.387807802569572
16.77246754266414
18.478566412929887
15.060730113638616
22.806206010700546
30.053442936983146
31.84206385789408
26.479256786161272
16.141688363420016
15.217355969637719
9.345469504349097
5.667155794069204
5.581452893651011
20.245796101219327
5.399258377251535
8.788500006443018
33.82316738234869
14.019508997977443
13.69112136575057
8.087636911211725
7.419971129137358
18.449334162395868
20.161917558723374
18.37074251425581
21.493302453586843
9.63484736948175
31.559442052708512
22.63234294154634
24.68762460837835
13.50748652436021
17.844810582353848
14.577638494593609
21.903112987632873
23.34765355624566
20.546402307667293
8.820982608166945
22.071199729787093
18.970928975280124
21.52544186790962
18.03619553420182
21.764514096151025
12.209341957521337
12.010068467386674
13.389132640985762
16.339664854219855
16.29894365826588
18.22602124966008
18.543417109979988
18.895557854977813
25.249703282977485
24.498109133541163
18.397229013723873
17.274443257991187
22.760077245431646
28.741523459007844
10.682275888738522
11.798008805193197
22.59585906984616
14.359301980205075
27.107890234757782
28.526330859545197
16.3543508169717
12.855894854781214
25.778384388658694
22.93822890665681
27.0049618841856
5.246595619911768
19.64758545670903
22.12117544329633
7.287109070792297
19.98741210896982
27.884441961112618
18.105862779645122
29.066163000171148
13.344666890219898
27.871114174589437
17.93675694367228
33.36256125290568
14.152057663268577
21.085416912438085
17.619297535823804
13.71355700739275
10.947503164814044
18.58368106998065
14.67052585501723
11.774117374684415
23.586091772777095
13.0070110639017
29.625911459249593
30.643309178273284
17.495205942977453
12.878148340191174
19.644654346811986
17.703338648198265
30.421421629852215
20.305600760681628
3.636785761233261
29.674770082101098
16.05095539111282
13.299453247134737
27.65328185112641
22.40993844654102
5.367066089313656
20.360994499057504
24.24923339778406
27.167727203111717
32.1146862176449
26.284409753446837
12.259283611726103
13.541102917260584
10.278513056506483
18.388627596130693
34.46869173517236
24.35286133797502
11.774935272182208
19.26443708741893
16.131159572447462
7.090554162489072
0.72314925975969
18.772382905004545
3.76767193090278
18.50168650762252
20.83306375569937
27.672597977456945
10.114531447258614
8.460504052006248
15.343014307551428
21.334616859734936
16.24039199476136
25.98952225404925
20.212791746628092
13.208799581359662
16.12714188722206
5.33458760716242
22.07959674562699
21.037655673650878
23.031715807812432
14.739467985829503
5.249782382032808
15.376727937257002
18.05679453482246
29.642504571848125
3.815491779289582
13.338491435881531
32.780660949979705
16.49153068660823
31.774468675677056
26.439286497890087
18.789239334549457
15.053696243294173
13.754113819431376
19.663185197154633
15.279317769583269
32.20853250183983
32.41916625759896
21.763118628952622
21.91501614943516
1.2177843103125323
9.526214417975913
4.917449626156627
13.079333774149177
7.699332158153707
15.785616643479916
13.184433983197469
21.273130109293525
9.234929110207416
17.669705755954205
21.49744458495099
0.9148197808679903
27.336458157477992
22.927185248183186
27.086486760354525
19.915015660113653
14.798022921935617
15.106904739168554
12.727868119773133
29.205454285541744
14.626374924866848
11.439472466787674
19.80171605084712
24.08013631813967
10.818871662066487
14.941777991731463
20.56071743507567
23.18906957101835
9.901176760591284
29.983686055736072
21.347404370164785
15.785310953646114
29.84107862308231
18.797367487141553
25.11784767217883
20.714630911249962
30.32378472441024
22.001192691382595
13.417894238593439
6.633359203042135
14.377596539559608
10.087181239737726
14.407096954804064
32.27817892864611
20.011896535008713
23.003136183292074
22.842626433310773
25.583561829391687
15.214229275838576
25.718542257882135
11.473664241404144
22.806605467677915
9.03281957808036
14.813885673916563
18.695942419368897
26.38762516376898
22.616616097919852
7.489828909031974
8.507694166228744
10.073206417808334
15.71579339659412
12.41307157881178
21.842250829830995
19.76963633756499
17.387844730476623
25.729480664383416
10.556000964689572
8.765043946277217
22.026258785132825
11.099254428266525
5.930490754213074
14.01813978946153
25.81345238948213
15.406054742034707
12.995926952574663
9.255969708179762
11.588809162645727
20.921038220718074
17.278795032633504
27.122478962153586
25.644717746009235
19.225846588749597
9.744225327093837
19.222894599600096
6.548027261474285
15.335691985426742
7.0589452508515915
26.39083680084456
25.326815107958165
21.190616397096843
20.90603350759808
12.754445930469323
19.725981312412085
22.866483972905595
18.644827778087986
22.245580780500145
19.835379586711372
23.88487597077306
14.065462133835071
14.607086442314529
28.321382852861674
18.34227347218653
12.856950087453587
18.850272945110063
19.804737993578584
13.03862330800124
26.328438337359618
18.1274410995961
8.648362917756756
13.542542689664863
20.301321072493305
11.288012603111012
19.431296107440012
15.190769890607518
18.69879492407069
17.398967825082465
23.654146926430993
13.649127827393219
11.94496974185622
27.479243499852444
14.65595101379812
19.50058412017811
13.755557189976685
16.78961022293667
17.843738394723925
17.834662407010068
29.38736319036425
26.094381887710323
10.17686639837561
19.696978237529066
18.060247134595198
7.881404864808799
13.949283625865291
27.243413640096108
18.56513619469522
9.668862196275704
27.843644222716964
20.130329935205417
33.64072134130238
21.09243045667258
15.27795563344226
19.452074779731852
29.533855444805017
24.396887237396466
20.867883020808186
18.62392517364392
16.8131736981695
18.311516541889
14.61127943349003
19.274038879861898
17.47087582694209
15.258699438987797
10.747683787217097
14.445962991702427
9.765048010744483
21.373798919822438
16.682408835181086
28.571414276485363
29.44767015747416
13.787674390556656
19.140589575152084
19.610754734770108
24.432549379930837
22.844125448760465
19.980746287515657
28.40750736367874
27.011361788177553
29.77696838373624
8.631172147511574
18.07483750470586
8.882409677394257
22.84575356953824
9.049038123487593
13.62385734313113
12.685623658484602
9.955066569749086
12.862307792572233
17.77621776894373
21.035091468704884
16.46543789383317
24.60676368989015
27.052515298042618
6.476638918411691
20.2624128363747
1.2481846033188426
19.343706641863832
21.029285794095607
32.948539388085955
20.952239116799987
16.446195310899483
20.805184990370744
10.856029718320913
29.00392607321851
15.219473421774623
27.742818240953277
9.496213886161524
16.823566103750952
5.8180757871483415
12.753558580736552
6.49755497413479
18.27830623911656
12.384351342336661
33.53813323354564
17.669419824620412
9.87094660948305
18.127337461532363
33.97173947555288
25.750806702117075
22.69588742609562
23.315672084924277
19.038289440906965
13.469875704246785
26.789209721921793
14.340091374664018
17.254965084039178
19.968736877423297
8.185833026891865
9.216184023476766
8.372698344656515
29.43329122681657
23.783918926824995
22.637311977168228
19.531085999416604
14.943618891228873
16.63530828481675
20.05782236442385
10.833855827103594
29.094848644461173
5.831767379627973
22.278707366737667
16.0286170474051
8.11713065038833
9.005316156340426
30.407135523078253
12.91460680732528
16.994015377350443
14.255787115562772
23.000798745618468
28.445048219075264
7.192991169937169
19.907230526404323
17.124374814921605
7.109863927786689
22.169141529368034
11.274029854471202
10.70668132129859
9.179935806453823
3.1778875756886378
9.645643457903457
18.369271391626242
2.5773874857577352
31.1910196228492
9.716918952840604
26.464440330662914
22.133874274110823
18.908630894493793
5.689415609989514
29.73507958537546
11.199823299424157
19.535559848789134
16.74376579735483
13.515748500507408
6.367722337752465
14.483225115393543
27.051555122165524
24.62976738681422
4.9023147941868945
9.724740844677015
27.54542912011251
19.385104688829184
17.5315029232012
30.36768345509271
20.4362781411185
19.11382222712362
21.334402078884526
7.083614072011683
20.15717015661141
6.278102029389908
21.258732964728804
24.00401070369932
6.259774304023223
14.598354231213365
26.238908426256874
9.737376500881464
18.116618958633914
11.72445411863776
27.177357917158893
13.024096786905941
8.267614218969797
17.654356689714973
19.231763718758444
7.946172484144349
7.890759355185219
14.671027044681095
6.30057458622848
31.597870288577486
21.734137198352396
17.477881492258977
24.647385211204373
12.74795363632718
14.195762015950113
3.5824739123543674
4.29491794743097
22.36824893010553
15.705207203078695
14.127098638240334
10.765437501572304
29.825815025617665
19.088344954488
10.100494736385638
30.554369946246382
22.020899706646254
14.818742832282894
13.50546036813231
14.697609422239196
13.876781512340088
8.739042293653485
9.809902266246247
32.845352004996045
26.304366764451725
13.358328432362722
30.528704898882005
24.65564852432468
16.687922302218446
33.06809737251843
13.637906870095037
5.350851075891184
11.119640457463769
6.115388894507205
18.129168989605706
20.493380985931037
31.11063723489696
30.136107458912704
17.94803630013519
12.845440371483072
7.888900041687071
21.032089597692888
26.15615703625146
23.748872817281903
25.4009063931285
20.896040967373946
34.339326152268285
31.989882102557758
22.33004051785005
27.876086483491356
25.638327979015283
20.49034705949525
19.687659874464536
20.45692167154732
15.504444734722
12.097639015494183
16.014333413115686
2.251148920134714
13.219752698636398
8.93491069934094
27.42362211871675
20.035190592760653
24.58794478161655
18.087478351249914
17.59431527497593
5.695233047740279
32.47619226942152
17.80894867912723
15.836035294517693
19.85579432643195
15.620269184793553
25.75410132927174
30.605399448385093
27.340061621026745
9.819756106075518
18.479197253864648
11.359586397870721
11.69181036390908
27.747147112354597
27.02695496631032
8.853338047091643
23.53978886776428
18.521133491472675
20.83234895570331
7.48902891727827
4.072456457575811
24.245223820273708
31.27798958744007
16.79115596643223
25.92567952440914
11.379303602922633
20.38361510449341
23.005164279043655
9.514998483287506
25.316080609054087
3.2503426939166755
18.955256603673476
12.853440897762166
18.913890589497594
17.26764044108831
8.019299002689646
19.58523504814385
13.721309121725575
24.403427291753637
30.997598769106663
2.1993633211132924
21.351150367836986
23.728226043713526
22.40905828294194
18.044178358249304
7.76217989674442
20.997870273065402
10.395961169040309
19.973917180805618
22.594351034774306
0.828726634873999
11.787824504002389
33.04245306887295
2.8178105550308583
15.435371738382342
24.278824611726527
20.615027040149332
24.944169925670955
7.004857549437277
8.390619695479806
19.65918230283571
30.16126306606749
10.97827927173144
24.64827957411829
20.74050699298123
11.958651501366091
8.641544066506455
16.507231830629554
9.326086542217443
10.59443911823617
25.335235557906046
15.103604042346115
16.90990647617753
23.5304866398834
20.89848662970237
5.7923859911525675
31.841700725233874
15.546970992118371
16.78233591387098
16.08452483686997
9.458277428770757
26.76894693496557
29.21938611142442
9.690856317585773
9.434285190632947
17.593755116852126
5.010933717725418
6.529767021078363
16.099571040491345
4.613183376838786
14.690667843497899
22.751553351058092
12.812673523909753
20.514469537597304
2.5163749572132366
9.948955958086596
20.268315795368494
25.327081249476063
0.6191622807257173
14.119563260216813
13.700755891952769
23.967276051013407
8.160427176225864
16.189384554234163
25.598701222966582
21.27014439265482
9.184541873628863
12.2338580001339
20.613608055666838
15.495138787096653
11.801355994554893
19.23784034582119
19.51123702048944
29.82772068720965
9.264066169219916
12.89380174505898
29.974402440944097
20.688821293469346
9.342322095377764
25.539261357220298
18.21751536747231
21.635704457149195
20.294884105039795
21.129065220937036
14.242156997953062
16.03605021398632
20.870659956829023
28.689267145869664
15.229999158276575
13.491344211601344
17.208179254379584
29.81780506873127
18.621468613339474
26.10868918296884
13.27816816159274
30.210257323594497
15.237246106188124
26.907124773065448
17.627571932298274
28.40135518104777
20.418476608481214
19.116926580831056
9.873927541021931
27.375368716808328
31.885702983967196
22.289046059023477
30.30976567358197
19.17695497990704
10.24237829104088
6.218679518514307
20.461468805859084
7.521401515292765
21.873822398157238
20.84845342815712
15.167794527606556
22.10167299923628
13.336217324488207
20.44818473643721
16.415485190739314
33.45171738064842
9.10347784133917
14.090927855579409
21.981876655448083
15.788301004482895
17.65234030031246
17.940389337451577
23.8125318061175
28.87595640250234
15.493554456298696
4.053722364280359
11.428555543970496
14.034697599250558
15.920776263488943
17.184302577503697
8.314141150945037
21.795396846206692
16.620700155949876
15.491040901023416
27.859756627348588
18.19355763057418
17.904506410416758
12.938601214136039
9.111304398906166
24.21224683201993
19.53539325072262
20.457313931940355
15.604278442610882
13.444148607689094
14.027857829556805
22.643294633012093
32.73258966508785
11.924022037637654
21.03834131233893
15.157349983270754
24.85067811547062
23.625282740036337
25.785060027481162
19.05334748606838
19.65772627852249
15.195999890178626
10.32614504414461
21.12003793893406
24.64614907577363
2.706602304008914
15.377434741652126
12.471979649573012
6.006946604520438
7.625539081023397
18.610064805075538
22.248906415976464
23.57289355330192
11.474522816176993
15.215048290169852
24.173712516093257
10.029769183336919
6.16357732355834
15.540580791837806
17.226776360968234
5.977103310610673
13.96114283232852
20.18325939624161
25.56043499149989
18.522203456665167
21.522679905061594
9.698644660692498
28.073448235775206
15.185024898966569
12.568100864034069
21.562592430114975
29.37963987642245
6.419014111905318
31.974477730735916
13.636649765042149
10.988081691717666
13.81801362767288
19.89545951209147
9.799309564091205
25.786808128766765
20.21709631692599
5.942604737593992
23.705320795646756
31.919812235031166
21.861147195454254
14.564341849451583
23.14813670256946
22.86635662783416
26.380963874680567
20.1372003998803
14.54760377640589
1.6742249569761107
13.993457393578414
21.054770912280834
15.264341344691054
14.416251600010787
18.239152016700597
14.546447042527207
31.89395475588362
25.605646590623117
7.253560484234876
19.21231170308204
16.70834066879214
14.775510415313287
30.743712302107
15.232305339724618
8.60826144874655
6.164504888363441
12.67545501587495
19.482531004812845
20.248959636221645
23.550668133505482
26.985132829429787
24.96000455052766
24.07534747564334
34.10623780649116
31.57010698307827
13.838316586583687
24.573983345803228
12.715474114157676
4.698267267155782
29.528107881920143
23.33972796349432
6.674337091890067
24.488119315442933
19.236356677408406
31.22903832329742
16.70974750666265
21.99192683865273
5.011657047405528
23.0641648426785
29.868501218043882
23.96799178636421
5.41691774292299
9.14619615285216
19.646051343641762
21.773788807366508
29.797063763106515
7.821320734649775
2.6315199317750144
9.365661734912164
20.810164570583236
31.012772872242355
17.558358659198966
1.8766179556713316
21.55069744791018
15.911570990253832
22.933671796880652
14.676600816755727
8.750752767357158
3.8260710862426737
20.412346302777532
18.94167732861922
29.361822400111706
17.975634582597
19.815919522736536
2.5909863400832984
28.482607037134393
26.312946833229365
19.319923768206053
8.405222078915822
17.574647559661425
18.37045950611637
10.51531368709815
9.499998691457556
15.063049997401869
27.195737786667387
27.309340596403523
12.367202229574005
7.998999927890138
21.87712092514993
25.028088913581726
29.91485563548468
12.334831657301244
25.627028150589332
20.149653240942104
11.780959459190155
20.742049122072018
14.758840832436592
4.417156001974402
5.949533148704412
21.842602654686758
16.727075170020004
26.623783654864113
11.37678458841443
31.051527310646154
14.369379054670711
15.221478405917438
21.851121067963778
14.290915558640595
14.530142865899261
7.723531448291636
12.700363690924194
18.953177672115917
2.112232247014008
25.531389218485337
2.9973465736949336
6.865325791753321
14.700155228237174
6.226291172904186
23.954975979594913
22.720245532306137
11.191392566873322
24.35489793148374
19.14244238475856
21.892070394287355
19.128874871583236
21.973618308665806
21.564412496528753
16.859771500494908
8.182361337137424
5.042280319366424
2.1945003136022554
33.62269620273663
25.311096361762388
16.98578400664023
11.537263891669722
23.710290987438714
17.09848180929124
17.209584029435973
28.21241484119423
12.258537653224943
21.772916199786366
26.85969415804687
25.866713148513135
19.28769051560828
19.583596726103245
16.511736344023713
27.879716703711157
26.59482011244406
11.600902209974276
7.310495472863716
22.376901839125118
30.068372427992266
6.782938931018762
16.197202590231527
7.9321605540661055
26.00316667512768
21.734969180428713
31.65057165789358
15.917376137382474
13.604434125274619
20.17100345746584
29.369753161807974
11.187665095839469
20.87771312743755
26.49338374829084
23.148223392996442
11.846125593472173
6.831319855975389
9.686587992460392
18.44741308187741
16.96656900320751
17.819263482452115
9.149579127336231
19.616998505018316
12.542662891353215
5.693388396339238
20.996643125914257
13.39048924722948
22.684612789144225
25.88979629793635
31.02624219891973
4.391297614820882
32.10197005894308
27.58304994066479
11.344599868443163
32.33307575413156
9.66753396429409
15.675008441811105
7.402617822666519
22.02222615986655
17.555506149097603
19.757549637595844
21.615271735007287
17.544987512655826
11.048818846341266
1.5086836762953557
20.016227237771833
27.57503187228271
2.0006644369857725
21.67728413754526
11.170335242303791
22.075993038628372
4.141861197052342
21.07694022260776
22.674948187836005
17.603928183743538
30.46732061804667
30.687204850573984
8.351513963963747
12.685130899423537
6.201933141219952
11.352327054161819
13.678092890205027
9.395843327225986
21.093123826211265
6.070423778412778
29.82047258115861
13.953736836381367
27.777624999589936
18.11781037537019
1.2742174226856249
19.05819492146075
23.832057348383916
18.88474836250909
14.168583551986721
17.437347457173892
21.540909757381
12.623932584583734
16.376113694254705
4.242598789870756
16.934760511063267
9.720138287571608
9.292663664110737
28.697732768075102
21.527426968787402
22.042942547034528
12.670602202145592
4.472157654836995
18.02772498268107
18.801659996650375
11.163304667786965
20.90403683251551
6.6215211574801405
9.854252415294145
19.133567653162643
15.424328592194279
22.91735370016123
15.073870623200222
12.260747690939167
14.548300165513648
17.361798513988973
14.252099544921542
26.316628286246377
26.229152648203744
13.285860294565872
16.19381340492857
15.678836169941071
14.523760216051421
13.705042454278232
14.142527417898979
6.3888751533056745
18.338268964188657
6.91225619045413
17.463628095492755
21.133370271421427
28.886433205797214
31.24879424136513
21.044767537946925
12.097999808628613
24.07487003220409
1.5244803409973593
13.604627250413788
13.40091287047644
10.124575843289005
13.926236885696776
5.599178279315884
23.506524595689722
8.942895684775255
22.3762282521032
22.936570173511655
21.71650238019982
20.826206005664034
19.238468886265856
12.263781641465963
11.692780222464304
22.98969675493865
12.918598587569495
9.446201202277704
8.337445173440265
28.141008850152232
3.643225007305138
19.898136535623976
26.17497848917433
11.812434992965049
25.822426846346467
22.532324649929826
11.094862338178874
14.89596381208184
24.955033639312354
13.95969219416851
5.988015566355582
1.897595082814956
20.765743566429844
21.774284752797307
24.29430690028739
23.32173028337462
14.134829439488122
12.117068448626764
19.67180404420419
12.032358541826696
15.146083177414486
27.35300795102193
13.090931070625015
29.681300667006283
28.57084226029049
11.95398255808486
21.318841023188977
20.34146661130427
19.986225905564563
4.984322922646489
4.681329741657289
11.787405973784045
16.013327523235894
33.59603818093365
22.312582620536254
21.385491817644144
16.755999709514988
30.811665324988212
19.047526652997156
14.911046732795016
17.53607540768741
27.734698829598756
10.92681854998109
18.601879318434538
16.850390490743948
10.218104655550412
21.462549042832933
15.705661833980958
19.291602872666708
1.4801063567470525
11.976861107268125
20.436863026904426
6.649015499624494
11.358064934545016
9.125191532399167
16.722908184034544
13.029617657774725
12.883504395114368
22.947071966957736
9.615241109964238
22.32807367560481
23.820253027662183
16.1328786572252
6.674220412846159
20.148050290611682
5.174912572148948
16.637488380376425
27.960363731406392
22.30751363496114
19.03945476241086
18.846544262417066
23.11087646857918
13.134878332536468
20.246249257802617
22.57403508267398
22.654636919700593
6.666406384096441
4.174063560620292
18.358568262621315
14.60877111638843
8.47725382273124
14.909829524259079
22.513187233853557
4.600051863299698
22.19770755799246
7.178208057563305
18.252673148538932
27.583146866554824
15.021721491089558
15.393085505131692
27.29232380129087
11.810021505386153
13.67469961114221
22.542658644613173
30.142277122867913
14.828009303986882
15.034101272862177
19.168464677270023
17.363068932678388
15.473879931031913
2.513580139579553
16.999528044652866
21.058491621279558
21.105471274179056
12.64055172111755
26.28014725865792
26.121552382693903
27.216095314104713
26.09933599312726
24.024708431671062
13.149083622695208
19.72315902383989
12.968778207119225
15.26354673882496
17.15673676464637
9.338229728930013
6.486654476641246
29.19286039484115
19.637105411745353
21.3999014297307
9.668923209280202
14.378819409679702
9.737521850102755
30.377115144983115
16.92459858647657
11.409559238923574
28.159122795791703
26.688910615715933
16.973833414389425
14.96554672466478
17.003066959530006
16.514222290579802
26.245613707963287
6.74025268649131
13.738248321050797
15.940651197577376
9.419058163576427
22.439445656655035
24.745451572511662
13.438015381524316
33.077775642442084
17.954809685066063
25.723182422493018
17.890886092601804
8.341192129938129
5.448708586584781
7.30222348244077
19.88260270730519
10.377494336263366
16.313406991339043
18.722884299349897
4.0328721388579805
13.140736278060682
4.277136606941167
11.63775136604848
21.40493582914699
7.154723521548243
11.007467627693524
21.021386105179943
14.7740743703601
23.770793410739305
8.725432830976825
13.396764631964224
26.881337061175635
13.088498194237506
25.597504770289405
15.36129960549971
28.00264738280864
22.369034878821488
25.719788228213478
20.295289129850236
9.846606461476043
14.506144664364903
19.56770762720299
30.931518430265925
16.40928041631513
10.036672640311261
26.96349071803224
22.400425091288014
7.33310908794858
14.100913792278288
17.036674239817327
34.71216795333791
12.774606722263087
22.599887575705914
28.95210330882752
16.694223072722238
12.130897234983829
27.785344737362088
26.169475006719917
21.117028850732616
7.7984031753442995
14.930668022576906
0.8047178990350583
27.06999206507091
9.788106576362754
7.2562695693900015
29.32115475612192
5.804388523468159
10.035947997749915
20.33570304222443
13.851196715668404
18.912733933018707
15.842250739811908
22.597506468695755
10.935844961872585
20.907649859127435
18.847817249257425
12.439802845239317
1.6251502127197734
23.14363481950589
17.837851090230135
3.710000068049913
12.576090511843077
14.061476883159477
15.056658959051063
8.956060021508199
22.285284453069593
25.682179483567435
23.28538363989892
14.64205203821544
24.446745640551207
5.869971558184787
33.346501018571715
4.621665447813549
11.63557269861556
20.362472721456143
14.661572011306752
9.427569249725389
27.53201976284631
31.37216876471166
1.0196227625973853
32.790186684382746
19.717886627753376
24.00861674576079
25.470156469530735
18.362289748569236
23.430180310904085
11.718591401449949
27.550040337983422
29.117780840255975
14.933763719656055
20.68750202880416
19.065342944985623
15.941002193321086
10.897212998400585
12.33699758491228
21.90202241021792
9.083827978560974
22.991797830295898
11.639879115523263
25.38343747427145
18.888752065216334
21.573405964409588
17.369488103236733
4.222630358911121
24.774347354112543
22.536423877406925
16.578150619773982
32.18787229956107
5.511860977723705
15.534617974179614
13.059845881015061
24.64682258932265
15.162379604445047
18.497683820440045
9.564715262007493
16.901967932912058
7.778603484497616
10.020933026210063
12.452563089903949
18.144962589169495
26.62887311904786
21.414202993136552
21.894883296454367
8.834982038234932
8.044531829017398
17.348057561132254
16.858378474541336
14.505923180909566
14.971348388208973
15.699653205148518
21.00288077212587
20.240610187825375
7.660867688831589
19.421368639510987
17.17882614937309
18.790508157486038
12.329908967109047
19.984518474769022
25.363855285717737
18.82489408184431
8.790084012850665
22.39229324067597
21.54961824679519
16.902062913299893
13.598495379594468
12.401136433611537
19.34785542026983
12.101508585446823
7.335307764080954
24.2616412379306
11.629323806250312
11.428376322580128
8.889790538766743
10.274079754200955
6.59812803912522
13.585519720366772
27.613193105342496
20.902125965860314
22.39912789483892
10.783039920716607
26.18398445716339
4.288646017090257
19.962821826083793
22.50076748313372
18.11211585821604
3.9751838908396757
16.68803739332487
23.2398871616355
9.730203982542445
22.81548400590697
26.07176868802113
19.623717816251947
34.609695461197276
24.989477036807447
18.86056586441593
16.881132536768096
23.83077130805199
13.324621999632642
11.070122978707719
5.346447463504552
18.95159526981609
19.024104865870058
19.662491251337883
25.556161033130323
12.802336464074783
18.824530081387145
9.756328707874777
18.997253005921472
13.59792662495077
8.844745597063813
9.23284093794294
24.740613193124332
21.70222440975476
23.570417813801093
22.93112422140539
14.500350323666748
4.271075266104946
5.139460977248704
30.829688465130683
22.766392881648386
6.6347601594491135
15.824588695514638
9.135140199139641
14.6107400554042
9.725935011766218
18.772768586230416
22.080421084418738
23.09200587956869
19.631259374017997
14.99139819034714
28.361354408858272
7.0320608387406525
26.108313391105597
4.59292601890545
5.605263633104235
11.71996721921811
14.899373204128363
21.37553433957582
27.069691253768287
9.25297121411085
10.099818398095113
20.706583348960507
20.283543122736027
19.119830375801563
18.80083014108856
10.990661645696242
8.010670163441462
22.984048202301214
11.509677915973558
20.771412442341024
24.672483257765712
26.626022389436983
21.92044375335641
29.910479099573305
19.352141205410966
30.763324137990786
17.653455199013834
14.43994173682803
22.57303596892676
4.209420834817884
29.538287016311706
18.419885593675808
19.858106199164876
12.943629234363556
6.357701374896643
16.485383283936404
26.448285477510076
17.216039406796774
11.981438495720507
7.4915857689367344
23.937169447167932
13.421141568176377
10.24953887200487
7.344816268602572
5.553995161201871
25.53233170116707
14.372427384710583
11.13998540168808
11.187114079439356
22.943049277618428
25.98434156540408
26.09259916322334
13.597178092061284
21.824836569369737
6.925026932265844
11.175993286235158
21.98937443943466
19.83701161569836
25.26981178568809
5.1046103604938455
18.458779429845354
13.267719286213893
17.32750653372773
7.6537966442365875
11.165345479731474
14.663865919087984
7.073995610689113
23.527849333581955
17.203222019736256
5.489808077397341
3.5486014993812085
1.2655447006770038
15.002130176571224
19.01723278052677
28.392555214626682
20.901482133003924
26.111022825644326
33.506395806251376
9.984528234020411
10.387625849086703
14.759263339076266
19.972713029417292
16.31195160256206
12.93702221756483
29.40636662706646
11.549439516922513
3.4562584488348755
11.885917278187545
10.77838284225972
7.913073969795047
13.392341840214204
28.345022892251116
17.101270362843934
13.40264958723813
17.794135029838134
13.523060666762428
33.99752767560193
21.77432823560871
15.242222234867889
11.245397518160111
22.620492645777038
31.145154871013432
8.205644380657596
10.576616697321889
14.908552138446822
8.948268342628865
9.565768285393307
7.516595252037817
15.204789214684006
16.42618073447861
21.83718772037288
12.57937338198233
24.80182829292054
9.978262425975085
17.80358956595394
12.228380835025593
26.489701686681453
11.835423685932287
13.317345337493123
27.46213932269052
9.635940187741308
20.221261550922193
17.986949401878732
23.76711159583865
5.136025986865996
17.042946519122
11.862218678665919
24.804743097427355
25.521451411437226
17.74998640721748
15.722780209084501
14.951467765707894
13.117677164957424
25.779154697240475
29.32877344787228
27.594814127254374
24.857553747827367
6.5425501948081966
2.90075613210466
20.688350041820556
19.573510844757507
11.208552666080074
18.563961501618245
19.149610283920662
20.74540120771418
13.666103725234123
5.03299150771961
20.86022893911899
11.541039106823773
18.552714886966847
9.350383901353833
4.2716572718204615
16.56057332841737
22.219816933146355
10.448219754723125
7.194522501825336
7.369554553743525
21.97981807513826
12.310566710180815
24.18262208632851
15.513893259108807
32.71607876795722
26.20592937439286
5.8568022949175775
13.824700614371904
13.925387622882454
25.534519414471802
1.9623504912440206
12.490369759633946
