[X]:
9.680791161028079
14.715988336485243
13.924005043637749
28.536463161742404
47.030349856928645
7.600256676407108
40.56741020370863
39.5854593264859
7.643871317832307
26.61163846189385
27.96439204522102
0.9454231124513046
20.52874389696703
37.34640016380347
19.790516985743604
26.65151170361788
2.1024187428637378
7.473291909426627
7.297092858341631
49.63444793737744
49.03596349265308
29.362235250299264
47.756544693541485
11.51352991419134
47.76806401220522
21.608196118480322
24.387555009369287
48.973686891244874
35.29115127608122
33.56554714223417
40.33214328895766
27.915763791428432
6.115793695594745
44.72456486467162
8.745810311334662
17.682227663873867
12.811025406683246
39.88821903659702
14.886036716396617
30.3538273341177
3.4022979438117384
23.298081641583966
18.532061945453993
31.236702831244262
5.284967654166783
10.294517250207768
38.61087579224871
8.252964289918852
33.456400612090015
17.44336043451779
12.986485582079387
3.822767337599453
3.2321030991588175
42.63103725334296
35.17085796669746
14.80197773387945
37.97140669635029
18.736928330539765
49.65608106666614
47.81624214199934
29.215180158718162
16.615396169812236
15.24321750120206
35.30956796284908
33.16262045242194
11.038389305805058
41.66787291168238
3.016470082340772
23.855541864860808
10.562164044390626
23.459300023146124
42.9036667752957
23.564752699748993
16.034774645757892
24.405548780931145
2.0361904360846506
22.83021322539772
42.77415505961649
16.258074804713612
0.03467308667518543
38.7900021049002
21.469257349366444
42.400046923351844
1.8800478152003863
42.62589498927195
46.18257158177766
0.6046998746454257
28.72469278170156
42.697555123735334
39.46780624158371
19.797364928690687
35.213176170750934
10.793885998777315
20.352088911571244
16.84047256753282
24.399632688385953
37.051185538640716
26.75217613020472
37.78025505382309
0.33238190213592533
46.808680954968914
5.16984207946189
27.52963654569916
24.68073233304706
2.7840704960991447
17.02774681299648
18.513651724117686
14.33067058930298
46.77489428868203
1.3924282235444785
45.610382877023554
46.063627187230644
25.141928633368238
3.2824735974111063
33.61725782076881
42.385669916503055
13.671627827895083
3.0695002466144263
47.514750732215774
3.4045575670165915
44.977584915578866
35.36973323427564
20.17105269332963
42.38855904113685
25.122437899060884
31.19654755125681
18.783215395501664
36.3462747838729
32.84186847865761
14.340533578193938
7.5461656525176615
8.648531063200576
15.801680294946257
33.08031794627626
7.870555085915432
33.401455476331485
39.11677966742949
5.430506263418611
49.74469218680221
15.98771961156557
12.000013694970496
29.18397472583391
25.45422712101374
39.123439823456536
27.44230541332375
34.998781970565865
34.61022468457926
29.97146820169987
4.133066967027677
21.359225663919002
29.78051144802849
2.756503204640376
6.784947361393446
1.577281190110269
48.21454039373903
33.97830863728765
49.69776475577824
33.61456551633443
40.733986198542624
22.529336352659605
8.28656617842115
49.17779814973221
5.72153922179679
38.23735225237548
12.062497855109694
44.32496997506425
30.16180172328368
31.645777501963362
6.6891717693241315
21.02773430259513
36.820125919411
10.607514651162836
23.776460718434606
38.48827280821342
18.231379082288363
3.5475177007132928
41.20467884435076
42.890123593458064
17.959421393847148
26.97325127748173
7.612704953202526
48.48680914936531
9.87717814991943
48.591822513260944
28.443672200989717
31.933800985473987
14.60331998533434
34.16372380526325
30.7773480368506
29.289989328314604
23.136947932127995
28.15288550740386
6.4151544311858935
12.045213501471446
0.7856742263828487
26.404847015300458
3.180591094172053
15.0065388923665
7.328081001921372
24.605303194735466
10.139803517760088
39.61101307325665
15.607289258258117
43.72980867115441
33.90544044544078
20.989994483069623
7.1309055796761776
10.859125675362263
4.488880630030334
5.610839954539015
47.7510379228963
36.53625671580306
36.44659765633095
15.736807069060161
43.735709233105254
11.013016083198524
16.63902309261509
35.75074750313039
20.476659392091328
3.3293013320677467
4.871092011901701
42.37920970017665
34.58443881752109
16.253647810413945
8.71942143893426
48.61042351613352
25.72214492351566
12.85464979352004
25.586695778585323
27.056840641562918
35.24963170396559
15.037831361066983
25.380304152341893
39.137741463686154
35.68567379472833
8.642640291856962
46.219153647810124
43.18520048550541
47.768459134075506
19.587862656883694
0.4221469415788881
15.706726495706679
9.068351353031407
39.68798415123386
40.37157575371447
31.386986799311856
44.18383057764062
11.142831978548251
29.652125041648414
33.66523514639731
41.52577840015058
25.522522381732117
33.83715436168428
3.4645840959446064
6.031071289532464
35.300323728470865
29.247832147258162
36.205521565004396
31.372045653147552
36.34405245638603
40.53175053340263
27.197101694317972
19.69717470578065
25.821449993475078
30.223223051411836
42.88043835791534
41.628356552234145
38.549687642099414
33.6854493441329
12.309115369402546
26.198120980209964
28.363013174596503
30.350779930858906
31.86910514196482
1.858263305193314
39.03594310296889
26.91265865514369
27.47204519977758
38.85584886997555
42.9758625092306
31.12791084031345
40.57563620626425
3.4108854122399554
24.21819623971006
15.09514767639606
15.20223815483025
43.166576092587945
28.10969674808927
36.67935334465155
35.96078266293789
14.793298324083636
16.05984888458756
29.895949308021123
23.204885454667433
3.710476574061994
43.16896168676881
37.8844276115249
11.514123531357118
35.56126152061954
38.602409685863535
31.338248399812187
9.230436478828263
24.227593206199217
35.28345950017582
44.36865450728224
33.85607537894488
34.24724113433608
8.875978880687384
35.13402633398899
40.06486520891579
4.237013394680056
44.664803326322115
34.80913916565756
0.28314788898949894
27.16332041755134
43.26328804950793
4.52503330629645
3.014112308665334
25.30654597825388
26.158110596605404
17.597414137948647
32.53137536915718
48.787809790174826
40.462428886641206
43.894227822380074
10.924658209786815
16.7403344814462
8.051833147246034
34.30228230486027
24.37553431056909
38.94390593102296
39.47569861371046
43.52283133265449
36.402753804850555
30.053178471575116
38.26225402083625
33.8929840685117
11.456422322276765
10.371063822813653
25.387077317157846
32.34286479764213
3.124700270405334
22.914015653879677
31.801745450492618
42.73642907163039
23.830191721655975
18.057926365558004
31.75005679671851
43.504669961794335
11.158851251286794
33.63822097697337
29.61722734620935
31.161575396111473
41.08065510787991
21.62078701992174
12.728233450354848
21.65641984891441
24.431126712162254
29.04500797744284
38.71853246091693
37.69191926846398
32.65363464157432
30.533928440613433
42.62792779650309
30.08405017894035
25.805476899939617
44.76025477344807
42.21262573212418
13.29225720200682
44.1877015731235
22.45926905150604
17.453117987446813
11.22207854176045
8.417618644360154
42.90729676817462
6.285257934418626
26.226564595171897
18.600876072821652
24.797096874723096
44.4746109354575
24.823129296124925
10.284009520059412
43.14909564173376
16.86006595704086
21.153103533104716
38.73854844947494
44.48850779748958
15.294011911103189
20.116389102777966
38.282471586996245
31.047315121191065
12.595508866688515
48.14621615200927
27.346449754170553
32.71208294168709
4.604487441937971
4.862351444002772
25.091082789308096
48.63192942188361
44.00896217069987
17.755574215231857
20.45733152572128
42.395173004276856
11.05923300440838
11.101355234401877
13.651492342873055
14.4025275113624
20.585899788371037
0.956471455469976
28.323398001394917
47.50021820554057
10.796005476374637
30.143138422301284
20.629322586733956
11.812471716760065
3.0981614128982704
13.535987967013124
44.9614618035508
19.648232690544503
45.42122741111205
19.03199978763268
26.88845270364364
10.938066261301376
34.565180543752284
23.80237279053814
49.265043727113316
18.209052419145692
46.373575610032994
16.714760408207184
13.109009874291244
11.837799441617275
16.162138598445715
6.207640338384196
17.4320487226018
6.3333593478274715
41.62841067111915
30.043104247870446
7.991637020296944
22.761832155146976
20.109165001686495
46.29656870416487
44.016309532178525
17.07539027381781
37.45655045074379
24.854643680838155
28.127949172029087
35.672755589997614
6.893195155743764
24.16098648928488
37.015909648135434
5.764954987775678
49.35722891637434
22.39224809329572
16.483570436224426
18.717371926909678
39.67555636614114
18.435857164968226
3.356945603249284
42.06615293314633
1.5848729621381175
41.45041925779038
24.28485525716576
35.06031814406519
47.519931950420116
25.22610176364545
20.762859749060176
49.07214763566719
14.995865754272241
10.118810028239317
36.26983634942803
41.007247281918566
20.15656742122742
36.011888246723956
47.948382544013675
1.217228584673019
48.43710796121074
4.23144464183764
47.771422262292496
14.771505204287937
30.16456831093704
35.53462234111542
46.979483066321365
24.826774033333166
18.34152991693283
45.0878552015961
10.9938769708048
28.574295462308548
38.39160865811825
37.92583946384715
24.02681009859317
39.45958917021858
44.70246607718574
28.73559950380714
39.77008051308537
32.03022795689128
19.759905647824382
22.13341148674029
45.48268222124343
0.8191046901926569
31.014734868079685
44.538304669601025
49.67677542225832
36.39221193678651
41.62572613891142
27.54715428129344
42.63201869727287
36.888729349105965
7.716705005826369
39.841248099024455
48.10961984386429
14.62409081923018
43.80323911156589
3.180860656300272
41.66728491471903
11.196382084085304
49.64117705800108
4.028987388339428
39.92866883716719
48.8921807839894
48.50285037462659
30.02917480038369
39.276481261381555
26.12931322848169
22.835922942493212
35.601107125674204
18.004670582174732
35.98285389555676
10.904413938885305
0.04852553101314383
22.655573566325298
26.982971317953858
2.5703916536935436
1.8561918829353485
36.477808783796995
13.485082343435067
49.81875488121484
8.285289726365924
43.822278201227185
29.050921359969962
19.29365928336458
21.959555980634626
22.506145820757666
19.430934958968372
5.470533709372277
16.91404232899492
25.21171591497799
13.870121923775597
21.13201438057455
49.05383084764357
30.073945256798513
27.437467533600945
18.246506643443826
40.36283684741842
49.664618799009
4.347799592229984
42.675604391662986
46.07148700290239
6.2826155806139985
40.848788025318285
27.648697905666094
31.34037380787594
12.696953725324288
26.95734203321943
6.996715499333406
17.854923080176636
44.309672405274036
0.43884766403015085
11.132946108580095
28.62483538755373
12.765431751384181
20.664030682531088
28.517505158216476
39.370146284606484
39.183118508339504
19.44348877475745
21.996435297159124
22.816466458649476
47.777600278505574
39.911417359882414
37.410125594408015
28.22793235260465
49.41914610739241
8.339898756980563
16.692511341854743
9.831862373401352
36.7146099181301
49.87164455409608
9.203788632057769
31.026273506706993
24.384710783456903
10.576188763754384
24.725211419177214
34.35537462450518
32.48572771764187
40.842060213877105
3.8321327202099575
14.703435960329198
19.206864288314318
5.405855539432602
32.27125482237845
6.440377419651827
30.845515246564766
28.359039258884405
49.85473054351443
21.36251842650608
11.634173773781232
31.79837319473738
38.824278636734796
29.260745808174505
33.83125686254315
24.06172562838359
36.988279762938184
2.629219048981879
38.30503985500947
46.969796651417504
15.367991781671087
5.185017632418498
46.109868966658894
37.783156193413845
26.813101809500388
2.5143777790422375
20.257623383346292
6.510843961276924
45.318822580667714
44.08118875479983
32.086014301507326
19.886414182079925
30.19782887647634
47.76560899345264
3.2496501299741523
18.86722196282267
17.237231434859474
41.152443104932146
8.340658263677541
43.49740475833643
36.05987668313226
46.96519107420756
39.843957122099454
47.581055400509776
31.305538163941016
10.22563035981528
39.104087467164625
17.147265446920233
12.134092750990593
8.68662666421265
27.92618440709491
10.854703772314878
45.64902816783164
46.663521653290466
13.450551903541008
29.160247484162298
5.379199212092212
18.873573328928178
17.60952505091921
13.239915823996345
35.35988002705505
4.621174264974359
38.98544538961559
13.141784639507941
16.753323933993197
32.38804177994368
0.00902439184818915
29.424495101177794
6.312204619850942
33.88012973389623
12.527491690206894
18.330500288071438
26.638296129645507
40.43488641534402
48.69700126817369
44.70582880485685
25.003689684752267
39.95485239506687
49.37448973850857
43.84005303045364
1.314358231877305
42.75315181058594
31.063399958684236
34.65487425912541
33.84816262685476
49.72690826123661
47.38755805623138
26.457745691104112
8.719644836223283
24.70128484259208
48.63784275453199
18.928545409092358
25.815029441557975
0.31541722612744016
13.537122200851265
18.415875265155307
30.239696154198338
41.03494848098747
21.81451411148109
15.294591269492425
2.280373032193589
2.5422501613466206
23.65039965404858
21.180618767369808
28.406769056953713
4.63188649506458
26.03407424857223
7.771930842670022
5.7359260577498965
7.763684534750393
3.552966315986855
49.635735380511434
0.8880538684793882
36.69234198995324
35.74338498043103
13.177722242301575
45.20423883945883
4.40320418984923
9.959880046675224
45.06626696192614
27.154439995645376
0.4320174043082825
36.28289897848362
46.708947447448224
29.863378065646955
35.97907804597805
34.72096047723887
42.086380372449085
9.040982661053427
40.61365853664964
25.296642757933135
28.831546029015957
28.03727928332254
3.846508087217609
2.4885262422001175
22.16960896498337
30.109063338777688
27.23027748680846
8.136519878946363
5.597527528900787
8.250543935744597
8.17166708891034
33.277466104961675
0.4768172050958641
14.757057701334315
30.722415489572676
16.41114874632241
31.966857272074584
18.79636860408787
43.49362357381953
13.003361696257459
35.52389318759429
12.91287435952015
12.233503284545256
45.605331315922115
34.09854427488022
18.232768233702078
42.9067628951285
43.325935179694326
22.2769270346063
29.236807247681313
2.40482204984957
33.97714918721083
27.275205260665892
7.890195148809082
7.110906232807629
46.707390374983504
39.7407400921854
34.16461672452757
45.57153833929812
21.220268488589838
11.566371732686259
24.4156781303906
47.93341656201696
31.014233835212103
3.8032310413468218
25.236172845891698
25.83629917450977
48.14541548246535
22.131056523460973
44.36089073751929
1.3579095626274795
4.923205085625165
37.29774118366574
26.756827375366786
9.293515952922505
9.76834701127508
38.63260980417576
35.38906395395257
43.04867441026835
42.56115449614199
25.724957831188277
21.72458057374956
14.612011415931681
47.0205182725007
13.547120583977456
2.5896190690275933
33.62370270281192
7.479343585293191
30.413850746542444
48.08447437119063
7.456168933921142
26.878968855453788
14.695436350347297
34.08076175252086
5.053585550296419
3.775691072094661
6.281756743841161
35.39870189006312
41.121192532102135
5.916191457643672
36.617227650218155
49.4536157489499
0.4204928061613933
39.55194146939287
47.80642683483804
28.353755538554253
25.495497464887247
44.06986742381348
8.187643343632612
42.0736124753174
36.826909239538075
20.355052350787723
34.16541762112645
19.329396407532645
3.2028956763701375
25.58544755086059
39.527088811071906
20.96573190681713
31.095955988129543
11.145855981971458
4.380421361817
23.73266709753882
49.51217655730946
22.854128290993074
14.068509818738988
3.2067971494784686
30.76436040054089
49.50440983289062
17.049577122309923
30.549694851563324
6.149765253181422
42.4146510398003
16.835708908905723
3.6990064478297557
40.811308088887046
43.05556569946219
7.206955867412562
1.3478589055270995
38.74569073224234
45.656487059131564
4.458109375451336
40.70358236048554
9.809244772054004
3.726919231819376
22.077439464710114
40.91024961061843
37.81791943145178
2.4881070056993195
8.861670799378457
21.35250723353399
32.78423638812135
35.7601759312384
20.239888187924393
13.515985278182384
43.08180742241976
6.89450490294472
6.654590417338996
39.208620045601194
36.8819335224255
41.191545594454695
8.738494531561813
28.025777899666
42.203887437489335
44.27846864262459
47.35116697706288
24.47235429129535
2.0496901734911255
14.098048536882812
33.676764825978246
1.5539639763695712
47.43295250246173
23.237264177698126
9.971108329362066
21.47690892048168
40.37333719999528
30.798855235928713
6.468477306943965
15.053625875205705
45.61238450281441
49.5285605984086
4.992200158422689
26.649977300181842
32.002983847175535
29.322705642081694
46.042586204607794
12.261534946707837
44.04274092151864
47.33458992841901
12.430226542734552
40.9285572080163
49.23514744795799
8.361417012109701
9.559957052651614
46.378402532534665
25.091437576977988
24.499071619269053
8.325615660642294
22.583483825189564
30.653018273027094
10.197036223042023
5.299208451477167
15.39634086503373
35.22096765588594
25.195315672083456
43.095339961806935
20.804494815061265
49.810612404314966
9.612831508626545
4.014145869252328
24.764180257637914
46.3857342519014
35.27327524251122
1.1461079572652355
18.143827233689162
20.50073163399387
41.816202179743904
29.431569553778886
28.97736244667286
43.78891542331028
38.76906531840696
11.719641217493843
14.217036497724688
32.39452621488811
22.57977152555151
24.82843781603018
22.002204944622463
31.858066999141926
17.898592118876998
3.3200612923970194
11.423808124710282
1.4452760291414957
5.4515582832521945
40.0516762327346
5.806791462006478
37.2678501259424
7.43468666697093
39.14506657023855
34.289505001423166
42.782404977268826
46.72357909192618
2.9913399128306817
23.462060020555132
23.66833970226271
42.22026641803297
12.918267501231579
14.109888978593077
23.696024866806493
37.89199791028346
0.9223653290194866
4.8602563579086215
4.291826704557488
7.85331588398821
37.44354082557522
2.4953019851693847
30.203954304554188
2.7075314323602386
28.58874966095265
30.06863014914921
47.11702892701112
41.527214061140086
49.386737051711876
26.968155673241956
31.378037573796842
39.24635661079975
19.264341421193006
40.47133612669402
2.89834377431864
33.350981930931106
1.8155390381837944
19.8726735157024
3.1234394615850034
41.40354887411986
44.12318626708855
40.80507508276555
35.01515881894445
0.4092092952071691
16.756704032736437
7.580626199138141
12.817920879487216
9.656701447993987
28.686453273135466
3.885144922573547
0.009824321760570909
46.493531688806335
32.363397257902534
22.52743302538339
18.40964855321966
8.45600894327639
22.69346932903085
38.485674229986444
49.0235188102468
35.029671345250165
18.257153603745778
23.92556575214975
17.742292376950765
0.3855305206262427
21.693365393077368
30.574523496025574
9.839060778584885
48.568776646729475
16.554209463999157
29.874730644436276
44.931033345045186
38.18244981266307
46.673248494027085
25.695925575207813
5.468035740857152
21.394223835822785
14.698566002171187
47.58299269566784
37.45538414261809
38.80536515012161
23.750121786578298
32.952859647494535
27.73100626304569
27.004790145066913
18.661857539368725
37.811694412243504
27.635415011138093
29.46039416525334
9.665308893490371
27.917652492441164
44.70567579103012
44.93408171492337
12.22312810997429
31.402770043955968
20.22012554317784
4.985782536363336
24.118823977892696
29.762397733024304
24.149660502557424
23.398253416097326
45.08816485313647
34.668762183345414
10.49873284427667
28.039971461248257
34.128597721287605
46.48627203624358
46.66125337071457
11.108016446299585
37.33649029196314
7.9734130886725545
18.40381787418061
31.462306502690506
13.382182628522404
2.311249909327201
4.96104030902631
30.56063729775608
0.028383387226782464
36.78966565885301
14.867494955494514
11.246595030589074
28.247027800037124
43.04694930406105
46.92040974753534
1.997217875750934
38.62166791406204
31.869988698974915
16.754417618369988
35.53754121362623
22.021008788854534
12.06365930165566
37.46230932395559
3.597427411361964
41.84060834191766
19.245155194399207
10.346061391517031
21.2541812656071
14.05324112777443
10.49193351081935
42.46952528950874
40.57002331751936
1.1691389277884268
16.31858673180168
30.955010414202768
34.02503862161423
39.28826001975502
16.259944636673072
42.07878359911934
15.301572901461324
9.968393169704882
7.245495508371214
39.548535827760325
2.372121905258245
31.702702685877604
41.73312517350102
48.695256245886505
49.875216161587524
40.12256634015553
44.88979214200166
45.50512793296151
38.88417109623928
20.205350560769812
42.20007854205236
18.19260914402012
12.44862702952379
40.8524377861418
3.5728826173017536
17.092510479364737
29.41476331233802
33.851019912438126
24.253994912344666
1.9147640066302318
32.6580911194829
15.79266491306085
46.58222049013773
47.00029171498236
3.542193743473682
42.91665335396129
6.894263027971364
45.13220712947395
25.796275538096374
46.90318749680296
32.10295539581265
16.69369996357836
3.5744666501948186
38.17145838585727
33.636899756646265
19.94611367207902
39.67751369759527
6.357641052562856
3.5406024124491453
23.01379574127725
38.9740328066312
49.01684595703743
25.32654345150278
15.962201283017274
46.08691460227755
48.4933512688186
26.560149760677298
22.690259256301548
1.1056015005463882
10.097660752335235
8.844416081318258
7.999157290753228
20.49443853724222
18.86554836039706
20.89270636794754
44.28274235648108
36.61767088422909
13.29835925361828
22.22877491602121
21.589005287241037
19.29633799467049
41.287024222288856
46.67347885082618
2.0689977952719927
12.296179666976737
21.28942200288887
35.018832898287755
7.965839171637379
39.46579848754173
15.526719766714054
24.220478392143313
25.246971542050296
39.291452584058575
48.37726614311636
19.51266139923242
5.2857263335361395
12.341135577228524
45.85373835610282
20.91078718356844
9.162434582454704
33.05305166925429
42.39138974810175
30.31908364799156
29.633541168488943
20.37308817147323
36.59808780475346
48.87326271862087
16.739776495229336
34.09503394946895
22.866131895143926
12.012959037137417
7.649769211492768
3.140894266150207
4.898043194941748
9.002594632198107
21.341261957066358
35.261133896995304
49.65485697509578
20.16843077153057
33.74042231422343
18.14484672452111
37.130599724620964
23.013358903763848
6.0058281468205355
27.436281361802262
23.79196196045686
15.36761323316887
33.2453239676469
16.974572199330034
34.885389308381285
35.02368557065469
22.688221870770843
1.9989271851395207
36.358934484485346
44.307379735990565
17.6358627947516
14.763963200195763
5.616586575728421
30.407973498999052
49.91995297462878
20.29303148946709
33.47408298773306
20.068807678075256
10.486571004878176
10.481896435255067
48.83849700428043
46.57329784515952
9.220517212477874
17.14727232185774
39.257876967023996
22.933912931826523
49.206587411827776
20.49147339253881
5.728462837030568
29.464994402421617
41.3430278104633
25.613757539760503
24.427635066137338
29.77737168072045
18.066077807589682
33.55374854393155
5.174980268681639
19.60073926518956
27.28920932234025
38.09572732867148
14.929652677404427
40.642578334624275
24.318601201339924
22.837594910761393
30.979727910494066
15.02065946233614
4.093641423667576
5.071029732679245
18.80888894338829
46.38643313206691
12.617358157171637
3.328163857626448
14.29403828785908
11.841868039562314
32.584128580137595
13.770200614067901
11.60934973853806
47.73915089966717
48.74573811925018
22.171948974907167
19.598873899510487
9.674364702501553
15.573966876013634
35.611465125950566
6.084567308304373
14.592470200328728
49.93063630795431
6.036724228521323
43.11199432138574
26.67300721279158
33.01432382059677
27.736900389513664
35.32752997797458
14.509264351692048
17.243410836618477
0.9131242273008988
45.88792213831132
48.24614304004775
31.354581042751796
42.35113647293614
25.69846565733983
11.106808822009212
23.10357088407923
26.285876695350176
11.015229366676222
12.50451774502676
7.311225590773934
42.56678412569419
1.680228616045354
43.86918674468341
13.94727542327488
19.680239948090993
20.837012495130637
37.20160386746551
15.604454168884246
5.332185110335325
24.5705155802649
13.155503991080241
44.50760256432579
40.07774264531972
34.84962388666125
15.843243620356962
32.84163540478545
6.896771303256976
1.3663391516561374
43.79561476129716
48.06574277213258
1.0923706684170198
33.59868985062255
21.02192319759985
25.54628212866512
15.63557168917946
17.534804882853138
36.730036312304115
9.529395904193516
10.534272972093623
41.649003375374
45.85352727595004
30.461771057172278
34.03378838731259
21.440526952435434
15.765996750559585
49.78530538255868
28.517889806210263
22.689545032443586
37.22535485314706
31.18813212139171
29.765712543029892
47.86175286458978
35.24222976211314
22.677321726513284
19.30435489844144
45.76501492244472
29.343395133648016
25.04826724818417
29.723742569144147
24.096898411719863
23.839457611316668
12.531530903169742
20.67893474274894
9.276525101903344
26.93138339815112
31.415557045595584
7.556886057051543
28.40396219479326
10.283448019150843
8.271987167047994
22.99880501399838
47.85066210245024
49.51263542532225
26.641417407026996
24.68611368926803
29.03876587905246
39.63562509164863
21.79077086182587
15.690200646326508
38.339890930088124
30.66264599899377
26.44826701280699
32.6842750491617
0.6775635416928272
40.46804326311137
8.882669787546382
43.49772343081742
11.62342801104026
20.37806365139896
19.69747648699348
36.84222969329045
43.6371380526527
11.210595868614847
13.816807153897608
12.677715294712556
8.408883427499603
30.317926408434758
45.62440609297335
37.067449063400005
39.98382965116944
35.72015826468501
37.205368725733464
24.074575388362412
12.407315328857639
36.34395895708803
7.239996707910745
36.53333056395926
20.171522960586792
48.02514035899073
13.068556073235737
46.3044519889089
32.28843914115771
14.730883294982927
31.79831996593807
20.82500929540162
10.261565442894849
42.33254669110887
16.107448669923958
37.47662609811883
9.169184462368458
30.764768279679615
16.98810541218056
28.383048974217946
5.404091365863007
1.6798131367245284
7.922238677317194
34.57411581154967
7.581731355766685
36.80332148703678
41.41636200152089
15.273437044412198
25.21696203744459
44.684952740391424
39.92584923205489
3.94514607711674
33.21633343525933
21.4679065022575
7.276763633261823
19.133452446086434
36.65595482703476
14.651577447633828
28.674873836418215
4.150082438881303
26.479665511148927
18.472995772234498
6.621420539499412
21.518083580376953
22.530096880799782
49.641277145533465
43.840680993218356
25.279080612751955
12.033046963021743
44.71988623842873
39.40683395710406
7.846597042909398
13.301791851968614
33.05423623267929
42.13119081116592
6.918359052892631
42.91931655061847
3.285825370455137
7.571122936852792
44.5863864136592
39.997191162103
49.51791579892285
23.98961859363604
40.62195666530678
7.370779205999028
27.067980365369383
20.257458395957084
12.73293195669063
18.609942895734736
47.451219262884095
14.636613729274718
49.73212848250291
49.74531638858625
27.76629770511432
39.497323440359764
9.887235285366685
14.907868532294778
5.299687842646134
48.31217440903923
14.976012358824248
21.488008226133825
19.015177745190137
8.196794461273038
49.0604944342996
13.036372812140417
5.604069886997953
32.112531796541575
1.4379548845822265
7.479227595450566
45.38688273598243
38.391750042481505
33.32848779813732
46.267358558275994
23.846099474257915
40.58049778299491
45.85854550330474
14.599825968341962
36.53620009071626
42.159660926353084
14.913827719867772
33.657093365675635
26.554827627111116
45.88724891843348
11.351216787290742
34.92090819690984
44.35913285714627
8.206408726431292
0.30686400560832605
40.0332974663667
16.818351529448766
22.289874633093625
13.278033838323422
23.753762380502025
20.553178805367533
8.647254506860058
21.21697901287109
41.26934972351457
2.9144324776943673
17.152605965131883
6.581781146138593
31.236740433625926
31.813536975367196
34.27328679459441
11.422546723582267
26.680890698917082
41.18428453980552
32.25315816234279
28.173192611905606
2.4599682661531954
7.12092630492131
28.993128783049606
9.36961117289134
49.623082725418634
41.89153418092243
37.41737580674508
42.203031308468006
14.144280978376944
47.57916170151471
10.315164244128672
2.7305857612334283
49.266149795266216
21.646520197042403
4.757501120150759
4.441696242637761
43.437308533243765
32.51849532102028
22.656535323808143
47.037065286121035
13.615448540947472
34.328482014642404
8.609358320658178
20.302785278376962
18.147367074740515
12.510709074693233
27.759785330416264
47.34888761086107
39.360440070713196
42.657468081387705
32.526258674758694
49.85809522225779
35.78253265148024
19.691820153598616
23.747787454548146
29.207445294909746
14.088060732638485
26.007735836621237
46.306668779536984
17.71669344110795
14.330479532246432
18.804644879219712
42.75024450074616
24.56554377689737
27.455394511717763
31.22265237810287
5.87690753189507
14.158271382238047
26.48127837867642
10.094090541583768
41.16753119062583
28.34944002085511
38.7234923617315
35.517616602800075
39.418161099350066
36.1629281774562
3.0824649474570975
1.6763822783292581
29.647453833243464
38.68993537756942
2.802892847742916
13.258563215663028
13.333883786658768
40.43846004598593
1.154848845215234
2.7738911183105452
43.484627970110914
36.96106464072915
20.674139323448355
25.89095095281194
25.50145530655607
29.940996038350814
33.3332248673327
37.601869247479364
44.55103662997729
23.077255664888526
40.97291687750483
24.98216150104075
29.02278887749595
10.302641537236884
5.599638665802736
35.07412172121872
20.55832446484203
9.12837043609676
37.52833685572522
6.909156288373502
31.09182715498426
6.3421558980164665
30.37259615287938
39.83837306945522
15.625165826913918
12.88409594299913
39.68796297141737
41.658763100703574
3.571719937502993
25.417707205365243
39.73532684264917
31.637756546275163
47.48385043203751
18.719721894152386
9.613289184898044
1.3358775653407262
27.731061215288673
26.087342508080134
30.84778998969091
0.400402921257792
44.77103457830409
1.247652729528126
30.016912174874612
48.11618377644952
3.4239085795362056
43.35492309233201
9.137717599739876
43.3255425495347
38.41427602707449
21.042003216775214
2.9794623024617826
1.5709506204720725
34.71606141551881
3.9558259983010267
45.51270313907749
47.6068760588851
47.128661526677696
5.577245491494126
14.868192981345684
38.63029554743559
15.820293823153536
18.80853420792651
37.626610471017464
47.98583425206472
47.14872527626666
45.72133236167809
41.51740158172099
42.439825180752145
33.85054472554555
47.7972192740751
32.540980008316446
10.169262515934241
10.237389654088647
35.747783705594486
43.04823574251603
43.235936763771505
29.952441385444846
35.04612999799422
28.821403810398223
9.602986181885676
33.85150448595509
18.385696293848408
26.955206785373754
8.653860966589294
10.735913296265059
41.19909531341888
8.880925958081438
17.253320440739024
20.767966144774764
17.21785623875264
3.1187395611400714
23.262642970108132
38.07677623884829
12.637255358657946
49.74892109603881
25.218381185810145
1.971005270285553
11.506722053266728
40.165059217096484
22.027931780333265
35.02368916745089
0.6781377100203934
24.27682394442502
22.108326318812686
37.315147196123846
31.13953682513793
7.8767255213153256
21.39471532878411
25.954169053033183
1.9015212712647611
7.737353543887327
28.364772035079287
11.5467693293888
11.061447662304701
25.1183647861143
25.979144525791202
39.22206137612744
21.37606081501644
33.576690999216865
31.981001284686805
33.236364567109895
40.82590673395031
31.25550372740013
6.737469453816819
31.78887503634682
38.83026008129124
18.939591806370153
12.711324193286544
29.107910994947726
26.72289894044844
28.171836964986714
40.05617603857707
1.7809643784008289
9.042559519830546
14.000714622625054
18.72329572038461
5.298908170446098
12.877767472293867
10.713825292790325
36.98318185969874
13.058224274393105
40.08703487619067
24.759237629512036
33.96787312646304
42.50224215611089
24.006648003586623
3.4538400476922195
15.502075490413054
16.767407550025027
42.5705681684333
44.35503731277727
18.442971664308704
49.51440549119336
35.788284338216634
42.2303183455781
5.994041084472973
9.329247606404023
6.156552132719545
25.303056830920717
34.403887546382954
5.738077910389677
48.046496287582265
0.4761926119085991
19.882386726432287
4.872168778764053
12.571772695264638
41.31682907999806
25.40356551283856
21.891919914551274
44.023845809426334
3.934288788623558
16.12688574719734
29.090095836327666
21.143276804577095
43.7857872096049
23.790884412583104
7.4515258839346625
7.447109540708096
21.531966387416535
41.92736708032953
31.08755510831503
25.45002651712776
16.360315999035784
32.868177696905384
9.831902267561698
13.200258623257927
45.688979677296686
44.14651451633742
48.05372597694087
4.486808205988901
13.782352369098472
16.118146806187262
37.07175210691304
27.234837357680014
6.923268468253008
29.452955738216595
4.455328969224675
5.5179069566557715
5.700833979275749
47.84670240141303
42.53131234298556
41.44466941681829
47.61745967250936
21.90973362175323
2.9806351642894855
43.69981486783279
16.578691495659065
35.45882601128711
23.74624352909293
8.049143576852668
48.87418683415129
28.10350260244072
10.449501213330098
33.80011292044928
31.711405799830484
21.585511516131582
23.3308404518316
22.906674435253883
11.656273767823484
3.620052020038983
32.31656559213125
4.802251705873905
36.827503437216045
19.748108486204636
17.468271379283983
32.15309250920724
11.842659804473882
31.849267114849212
15.765367364251842
24.377367612268557
36.98342553460619
4.7810238312194
9.37962771683472
25.71554764890746
39.73771873083549
36.68053665856904
23.681111101823227
17.108466726158127
32.90810625925491
19.41170820433945
3.5628787639524315
28.350648273797464
48.06740269070209
3.8448662909866593
1.789345305439194
19.340802999743794
35.288073061284855
16.071381089182314
49.64920373415332
11.787317554677152
0.8159406137310754
27.975494507606662
19.94366343452781
4.022403225665472
4.514401576233917
40.49418636567258
2.486115548805751
42.62577515606864
41.64777731082634
42.7304597713968
6.792578191120685
30.204824052463174
32.543856808796576
37.35069701577987
5.9328121645704615
34.08021778386565
39.06297798207184
27.756262142796157
7.872797572735324
0.010673856130433146
23.193557547756416
21.29135458546151
4.127950443893052
15.17761466349139
39.07535025309523
6.885836936175438
4.445305559436486
48.039701849344326
16.71909699007411
38.10234240834476
10.106302916542653
33.105598450649495
25.03318563895794
11.47195163594416
27.42087114363158
7.615289302854284
17.499961698179927
35.588946888525655
27.70256793926571
42.85587265438709
10.628649496157289
38.725556485436194
22.809704869578034
27.66439847639035
22.738151116810613
20.676549866543354
27.17725468628994
24.077892100444487
19.185069616276262
43.43559159375389
10.738078099608384
27.866219622682564
29.261831942427246
6.640218778521406
41.16512173369088
42.646712436710814
8.797354572258321
37.325207555411424
44.008400864959974
18.78099386742498
46.62136000270357
33.28918981972708
49.88709786687187
17.27411869063897
42.04095841569642
35.647394747042625
21.65595344268556
9.482960842848298
10.920296177400758
9.21445427704526
25.124417313131026
10.56515129925274
44.358105064752756
46.357745543612076
35.784814494614295
36.982445936783265
41.26625904969303
21.187811421848107
49.98279785562416
22.49746900066206
7.929499752433439
19.45259930467541
31.708711950358197
1.9815439474929974
33.2675407953394
41.386135150589276
47.114612074541924
33.88865142125733
20.35348919685978
36.730345506543685
26.78097292523755
9.449739917623784
30.97561047022552
2.9859442102625975
2.3472166685371274
32.45466154718849
24.777579087722206
34.63181980038749
29.077023356344977
33.69083670969534
47.17649994370725
22.809434445122267
20.345350949095604
37.34219029699876
14.5747178369946
5.36808279456017
40.058532131334346
29.58932621070216
15.97971192556143
35.81236269239781
3.7973789159627733
15.256565484597623
2.5874781543042014
28.35112928038374
25.77651988713272
47.54128831311726
13.133468817231636
3.3579397434596148
22.98759232932924
43.002740135225416
37.63403413187321
43.48964782553784
46.0267605430966
45.917476719740606
27.248811749885537
6.790213484472857
27.660953814104296
36.354082308129435
17.79236058302812
37.77035591985722
35.15016453144097
30.534647896137418
7.507524249880476
45.922667731872835
15.811212796887276
26.55409172280144
22.574410914569654
21.824421913078083
46.29447963873355
9.556868795340822
33.17559221621301
1.3867746039383677
37.328588799515536
20.935481092235392
40.43474423326193
1.4765985065227194
36.42860083239125
30.258648651113106
17.562827176049446
33.206101054669986
46.373967749813275
31.787046540124088
4.148602680434216
20.666951513310234
46.583826117485565
17.032124913225744
44.46809593194697
0.07177393919618469
36.30265197109975
39.18920978806174
35.46803803299859
23.52763531645102
33.54774040012305
17.72075138770158
28.473395535937318
44.46541873144076
8.56609833277231
26.345860519762155
12.263156118702378
20.91305073355197
37.750910649105386
26.859771319947683
4.3016608946290615
36.388731312186415
12.820148236353724
5.444429278003709
1.3223533204877402
40.882964142859926
23.987002550586332
44.263095473886274
39.59080050471429
12.905142559659415
[Y]:
17.94463292882246
26.77279066918819
12.9392040349102
33.62917052939392
38.22427988554292
13.280205341125686
61.85392816296691
61.668367461188716
24.115097054265842
29.08931076951508
34.971513636176816
3.756338489961043
44.622995117573616
51.477120131042774
33.83241358859488
47.7212093628943
12.481934994290988
23.378633527541297
19.0376742866733
39.70755834990195
54.22877079412247
46.88978820023941
56.805235754833184
10.410823931353072
43.61445120976418
35.88655689478425
29.710044007495426
52.378949512995895
51.032921020864976
27.45243771378734
41.26571463116613
52.33261103314274
26.49263495647579
59.179651891737294
34.59664824906773
36.34578213109909
20.448820325346595
31.91057522927762
16.108829373117295
26.68306186729416
21.92183835504939
23.438465313267173
36.42564955636319
36.389362264995405
7.827974123333426
20.835613800166215
47.088700633798965
27.002371431935078
55.56512048967201
19.95468834761423
25.38918846566351
14.45821387007956
7.985682479327053
47.904829802674364
52.13668637335796
25.64158218710356
50.17712535708023
16.789542664431814
40.92486485333292
56.85299371359947
35.97214412697453
17.49231693584979
34.99457400096164
37.84765437027926
47.53009636193755
29.230711444644044
47.1342983293459
21.613176065872615
20.284433491888645
11.449731235512498
40.967440018516896
54.72293342023656
45.25180215979919
36.82781971660631
37.524439024744915
11.828952348867718
24.864170580318174
46.21932404769319
40.606459843770885
6.027738469340147
49.03200168392016
21.975405879493152
48.92003753868147
10.504038252160306
37.70071599141756
57.34605726542212
20.883759899716335
40.97975422536125
44.358044098988266
33.97424499326697
30.237891942952547
54.57054093660074
13.435108799021851
35.481671129256995
24.272378054026255
21.319706150708765
48.24094843091257
28.601740904163776
41.62420404305847
8.06590552170874
59.04694476397513
10.73587366356951
27.423709236559326
21.54458586643765
18.42725639687931
31.02219745039718
29.810921379294147
35.46453647144238
42.21991543094562
20.31394257883558
65.88830630161884
52.450901749784514
49.51354290669458
4.425978877928885
39.493806256615045
59.70853593320244
17.537302262316064
30.655600197291534
57.211800585772615
28.523646053613266
52.18206793246309
40.29578658742051
42.5368421546637
43.510847232909484
50.0979503192487
35.75723804100545
41.42657231640133
32.67701982709832
29.873494782926088
40.872426862555145
33.63693252201412
29.718824850560456
36.041344235957
31.864254357021007
28.49644406873234
37.52116438106519
44.493423733943594
11.544405010734888
55.99575374944177
27.790175689252454
30.600010955976394
36.54717978066713
39.56338169681099
39.69875185876523
31.553844330659
32.1990255764527
28.888179747663408
40.17717456135989
29.706453573622138
36.2873805311352
53.22440915842279
23.805202563712296
22.827957889114753
21.66182495208821
47.57163231499123
36.18264690983012
39.75821180462259
46.09165241306754
46.387188958834095
48.023469082127676
13.829252942736918
68.14223851978576
30.977231377437427
53.98988180190038
19.849998284087754
40.8599759800514
27.129441378626947
43.31662200157069
13.151337415459302
34.8221874420761
55.25610073552879
36.68601172093026
43.621168574747685
51.19061824657073
20.58510326583069
7.038014160570634
37.16374307548061
38.51209887476645
26.967537115077718
44.378601021985375
27.690163962562014
39.38944731949225
34.30174251993554
62.27345801060875
25.754937760791776
39.34704078837919
39.882655988267466
42.9309790442106
48.621878429480475
49.23199146265168
19.709558345702398
33.32230840592308
34.53212354494871
17.436170801177155
15.028539381106276
23.523877612240366
32.54447287533763
13.8052311138932
19.062464801537097
35.28424255578837
22.511842814208066
38.28881045860532
37.68583140660649
40.383846936923526
43.92435235635263
28.791995586455695
19.50472446374094
15.28730054028981
12.591104504024266
5.088671963631212
58.00083033831704
43.629005372642446
57.95727812506476
32.989445655248126
44.5885673864842
19.610412866558818
16.311218474092072
35.80059800250431
38.58132751367306
10.463441065654195
30.896873609521354
48.90336776014132
39.06755105401687
27.402918248331154
25.5755371511474
56.888338812906824
39.177715938812526
16.283719834816033
46.26935662286826
50.44547251325033
32.39970536317247
24.030265088853582
25.704243321873513
34.91019317094892
48.348539035782665
36.31411223348557
53.1753229182481
58.54816038840433
62.2147673072604
42.07029012550695
19.537717553263107
35.96538119656534
13.854681082425124
40.75038732098709
52.09726060297157
43.70958943944948
38.3470644621125
32.314265582838594
28.52170003331873
42.53218811711784
46.42062272012046
26.418017905385696
49.86972348934742
5.171667276755684
9.62485703162597
36.64025898277669
32.39826571780653
35.564417252003516
29.297636522518044
59.075241965108816
33.02540042672211
31.35768135545438
42.157739764624516
33.25715999478006
38.578578441129466
47.504350686332266
46.50268524178731
59.639750113679526
27.54835947530632
10.447292295522038
37.158496784167966
37.0904105396772
26.680623944687124
54.29528411357185
2.686610644154651
54.028754482375106
28.13012692411495
47.77763615982206
41.884679095980445
36.78069000738448
38.102328672250756
45.660508965011395
30.328708329791958
31.974556991768047
38.47611814111684
22.361790523864197
44.13326087407036
34.487757398471416
37.143482675721245
57.56862613035031
39.4346386592669
37.44787910767004
29.3167594464169
37.16390836373394
27.56838125924959
37.53516934941505
33.90754208921992
20.011298825085692
54.24900921649562
56.08192774869082
44.270598719849744
10.98434918306261
48.78207456495937
28.826767600140663
61.89492360582578
48.08486030315591
42.39779290746886
20.900783104549905
58.10722106719119
40.451892167132634
24.98961071574404
41.13184266105769
42.84731133252605
22.426518311191593
25.33065633404107
40.010630439606345
19.820026645037156
6.011289846932266
23.245236782603104
35.32648847728432
36.87793131035891
38.625100295325744
58.23024783213986
46.76994310931296
46.51538225790406
23.73972656782945
30.19226758515696
18.441466517796826
44.841825843888216
43.50042744845527
49.155124744818366
57.98055889096837
49.81826506612359
56.72220304388044
54.04254277726009
40.209803216669
52.31438725480936
13.365137857821411
17.296851058250923
32.90966185372628
47.4742918381137
15.099760216324265
41.131212523103734
36.84139636039409
35.98914325730431
46.66415337732478
36.0463410924464
50.00004543737481
64.20373596943547
33.52708100102943
46.710576781578695
50.093781876967476
45.92926031688918
49.66452408630393
18.49662961593739
40.18258676028387
23.32513587913153
32.7449013697298
32.83600638195427
43.57482596873355
30.753535414771186
31.522907713259457
49.62714275249074
34.70234223720247
31.26724014315228
45.24438151995169
44.208203818758456
58.97010058569934
37.63380576160545
53.3501612584988
33.56741524120483
27.16249438995745
10.177662833408359
23.53409491548812
61.32583741453969
11.0282063475349
32.381251676137516
19.68070085825732
42.637677499778476
36.179688748366004
30.05850343689994
29.827207616047524
56.119276513387
25.488052765632684
31.32248282648377
52.59083875957995
51.79080623799166
39.23520952888254
18.493111282222372
43.225977269596996
54.23785209695285
17.276407093350812
51.716972921607415
30.277159803336442
30.969666353349673
28.283589953550372
30.88988115520221
39.27286623144647
46.10554353750689
41.8071697365599
22.604459372185485
40.36586522057702
42.916138403421485
11.247386403526704
19.081084187521498
25.321193874298444
36.12202200908992
21.26871983069683
30.165177164375976
47.85871840111593
62.00017456443245
29.636804381099708
45.11451073784103
32.70345806938716
25.049977373408048
27.07852913031861
13.828790373610499
57.56916944284063
25.3185861524356
53.736981928889634
24.225599830106145
43.71076216291491
18.350453009041097
34.25214443500183
44.24189823243051
55.61203498169065
37.96724193531655
49.6988604880264
16.971808326565746
17.087207899432993
34.67023955329382
32.12971087875657
6.166112270707357
42.145638978081436
21.26668747826197
38.70272853689532
36.634483398296354
35.19330961623755
34.40946572411758
21.487332001349195
59.83725496333189
53.21304762574282
34.06031221905424
56.365240360595024
41.483714944670524
39.30235933762327
36.93820447199809
10.91455612459501
36.7287891914279
32.612727718508346
34.011963990220536
67.68578313309946
42.51379847463657
31.18685634897954
36.573897541527735
59.3404450929129
28.54868573197458
5.085556482599427
36.652922346517066
17.46789836971049
34.9603354062323
24.227884205732607
51.448254515252145
48.21594556033609
42.38088141091636
46.01028779924813
65.65771810853376
20.99669260341779
8.695048022591454
59.01586907954242
49.00579782553485
29.325253936981937
40.209510597379165
60.55870603521094
2.173782867738415
62.74968636896859
30.985155713470107
56.217137809834
41.217204163430345
40.33165464874963
53.02769787289233
55.583586453057094
31.86141922666653
24.273223933546262
56.47028416127688
30.395101576643835
36.65943636984684
39.1132869264946
32.14067157107772
42.02144807887453
37.56767133617486
50.161972861748595
52.38847960304571
33.6160644104683
47.824182365513025
42.2079245182595
46.506729189392225
60.98614577699474
3.055283752154125
32.011787894463744
45.230643735680815
52.34142033780665
29.71376954942921
51.30058091112913
37.037723425034756
50.905614957818294
36.71098347928477
15.173364004661094
54.072998479219564
63.08769587509143
33.29927265538414
36.84259128925271
31.344688525040212
54.93382793177522
35.357105667268236
44.51294164640086
17.02318991067154
41.542935069733744
65.51374462719151
64.60228029970126
38.42333984030695
51.22118500910524
39.50345058278535
38.66873835399457
38.08088570053936
38.40373646573978
48.5862831164454
33.32353115110824
26.43882042481051
33.12445885306023
38.38637705436308
19.45631332295483
14.084953506348278
48.38224702703759
20.988065874748052
54.85500390497188
33.028231781092735
62.05782256098174
34.04073708797597
43.03492742669166
27.767644784507702
34.80491665660613
44.94474796717469
16.97642696749782
23.731233863195932
34.56937273198239
20.096097539020477
23.505611504459637
59.643064678114854
53.4591562054388
29.749974026880754
20.59720531475506
37.09026947793473
60.1316950392072
4.678239673783987
40.14048351333039
60.2571896023219
16.426092464491198
50.079030420254625
22.718958324532878
26.272299046300756
37.75756298025942
28.765873626575544
11.597372399466723
14.883938464141309
56.447737924219226
29.751078131224116
15.506356886864076
25.299868310042985
16.812345401107343
29.73122454602487
22.81400412657318
33.896117027685186
45.1464948066716
24.55479101980596
36.7971482377273
21.25317316691958
56.82208022280445
39.12913388790593
29.928100475526414
24.382345882083722
53.93531688591393
13.27191900558445
32.55400907348379
11.465489898721081
37.17168793450408
40.49731564327687
24.76303090564621
51.22101880536559
27.907768626765524
9.660951011003506
28.18016913534177
49.084299699604145
26.5885821741135
57.87364817110168
3.065706176167966
38.162748768263356
21.965491430651454
19.32468443154608
33.01700385790276
31.552301935721456
39.67641219725181
46.087231407107524
69.88378443481153
22.490014741204863
15.907339019024985
37.4386985557899
37.659422909387835
25.208596646539608
44.465005490034514
36.64938050270687
40.99062381035055
31.503375239185498
39.04403188400757
63.375837321134
41.09439342533686
13.148014105934797
56.08789517332711
47.62652495473107
34.050481447600305
23.611502223233785
42.60609870667703
14.808675169021537
41.05505806453417
58.66495100383986
50.86881144120586
45.90913134566394
50.55826310118107
44.21248719476211
18.79972010397932
37.29377757025813
14.989785147887579
51.52195448394571
30.672526610942025
58.79792380666914
33.04790134650581
50.17215285936605
51.67516569767956
58.46484432040782
37.04443053115281
30.38050428785222
35.4832699737317
43.11781235753618
28.90727420079247
29.749301331370113
30.740947525675928
16.4837630178519
59.31922253426531
41.53081732263237
26.960441522832802
34.728197987329835
24.703359369673766
15.698858663142543
33.887620040735364
14.791932659197077
35.487904021644034
7.296939411979487
53.38835631169247
27.91342771160635
42.20265914719455
51.71043342395494
0.6072195134785512
30.139596080942233
21.24976369588075
55.30410378711698
29.221993352165512
22.464400230457148
38.110636903716404
39.54790913227521
41.95760101453896
54.96466304388548
27.202951747801816
49.963881916053495
40.69959179080686
47.072042424362905
30.45148658550184
48.60252144846875
29.650719966947392
32.52389940730033
34.2785301014838
40.98152660898929
55.310046444985105
37.36619655288329
30.375715868978624
22.761027874073665
67.11027420362558
33.14283632727388
33.852023553246376
20.05233378090195
16.82969776068101
23.132700212124245
36.19175692335867
61.02795878478997
47.45161128918487
36.83567301559393
15.02429842575487
25.43380012907729
39.92031972323886
31.944495013895843
40.12541524556296
16.90550919605166
30.427259398857785
32.01754467413601
12.988740846199917
12.810947627800314
12.442373052789481
68.50858830440914
3.11044309478351
42.55387359196259
34.59470798434482
38.142177793841256
53.56339107156707
6.522563351879383
13.967904037340178
66.05301356954091
37.923551996516295
26.74561392344662
32.6263191827869
43.36715795795858
41.89070245251756
38.38326243678244
33.17676838179109
34.269104297959274
32.432786128842736
36.69092682931971
50.237314206346504
52.46523682321276
30.22982342665803
14.477206469774085
5.590820993760094
38.7356871719867
35.487250671022146
39.78422198944676
11.309215903157089
7.478022023120628
6.600435148595678
14.33733367112827
30.22197288396934
10.581453764076688
25.605646161067448
38.377932391658135
35.92891899705792
37.573485817659666
15.037094883270298
56.394898859055616
26.002689357005963
58.41911455007543
34.93029948761611
34.9868026276362
42.48426505273769
56.678835419904175
18.786214586961663
40.325410316102804
50.26074814375546
21.421541627685038
41.38944579814505
29.52385763987965
31.381719349768662
40.42016420853271
17.112156119047263
35.0887249862461
66.1659122999868
35.39259207374832
38.73169337962205
55.6572306714385
24.77621479087187
12.253097386149005
47.132542504312475
44.34673324961357
32.01138706816968
28.24258483307745
24.988938276713355
38.06903933960781
50.51633238597228
21.904845218768777
58.88871259001543
25.08632765010198
15.938564068500128
49.03819294693259
38.20546190029343
29.034812762338
34.21467760902006
35.706087843340605
47.51125116316206
35.038939528214684
42.44892359691359
46.97996626495062
46.17966445899964
30.28960913274534
46.61641461800056
34.83769646718196
17.67169525522207
39.49896216224953
19.18347486823455
45.33108059723395
44.46757949695251
19.164935147136912
51.50317508436302
11.756349080277838
48.26460940201669
23.24286844023713
10.220552857675727
30.225405395072926
54.7189615120505
39.49695402568171
18.532953166114936
41.89378212017452
51.56289259915992
18.33639424492911
61.041553175514295
64.04514146787042
33.4830044308434
38.39639797190979
39.45589393905078
7.1501146749060895
61.858889980253906
57.061527391630456
42.084041880630174
35.73233409690116
25.663517126026115
10.362316541096108
34.26835804068847
40.02167104885753
27.5725855254537
47.07676479050363
32.91668478557716
21.504337089453596
23.186133678031055
55.20974124584757
31.483302632794455
34.65480785499119
32.56543771958277
52.8114883204327
69.6035278663125
23.839661697847937
31.03975588125066
17.519812202545136
41.131720831840234
15.268567127124578
7.159205158263804
38.649046471109635
47.04445255956975
24.965564693930045
23.878287124421675
54.39655258579387
52.12518964730525
28.766487500361066
42.16286588838844
20.4473958176432
15.5815353854555
38.661951571768086
36.32819968849475
45.85433554516142
27.79048560455945
32.289336639502764
45.882005786827186
43.02738911049708
46.60814074499072
19.191910550339514
15.612788222545907
45.8654459379358
13.915603922355775
8.323672333871198
44.566896036480955
54.10554681794039
47.953236475563756
25.590795625249445
25.4206223197328
47.563109949991464
54.622774914099665
40.880933581650304
40.57788343303628
5.8397521387929
19.67843882950625
35.941411860782594
22.843171181095652
49.34636200196938
26.9898113421585
14.576886663489653
21.381527136385344
59.298669759996216
37.239084188742964
23.774781845555168
37.84290070016456
38.889907602251526
48.022848478726885
3.993760126738151
41.719981840145465
31.60238707774043
52.25816451366535
56.03406896368623
32.609227957366265
56.23419273721491
67.8676719427352
27.94418123418764
56.74284576641303
48.388117958366394
21.089133609687757
32.84796564212129
56.30272202602773
33.27315006158239
42.39925729541524
25.26049252851383
39.06678706015165
37.12241461842167
31.557628978433613
13.839366761181733
40.51707269202698
44.976774124708754
32.75625253766677
53.676271969445544
20.843595852049013
44.04848992345198
12.490265206901235
3.811316695401862
46.211344206110326
53.308587401521116
39.618620194008976
29.11688636581218
43.91506178695133
26.000585307195095
52.052961743795116
47.545255643023104
42.38188995733829
53.63113233864822
48.41525225472556
15.975712973995073
16.773629198179748
37.915620971910485
29.463817220441207
31.862750252824142
36.801763955697965
43.486453599313535
32.918873695101595
29.656049033917608
22.339046499768223
20.956220823313195
20.56124662660175
51.84134098618768
34.64543316960518
31.614280100753923
23.34774933357674
39.71605325619084
48.43160400113853
56.42592398181506
50.57886327354095
28.79307193026454
33.7696480164441
27.934671761810165
36.176213134426376
31.334614000985262
26.28791118287446
44.75681989344519
36.31359832822677
15.137892263215587
26.688205086326892
20.233461363645986
34.48265270719056
44.95483266046017
19.396241588135503
25.963163443643353
2.7660251458881913
27.67099972876212
36.05490411931937
51.49362314160889
35.62177124891207
67.7093896413695
22.174524538593566
28.70243005903747
37.3970852886398
33.4114731369544
47.97706890135521
19.718675019454906
28.480785544744887
6.252431230547034
32.09813881256191
12.098751569268
39.122839099295895
61.098549013670834
62.04406006621244
50.81212705515556
8.727367436165734
27.20536322618915
15.664500959310512
20.45433670358977
9.525361158395189
38.54916261850837
25.90811593805883
6.6078594574084555
45.59482535104507
30.690717806322027
46.22194642030671
38.127718842575725
8.56480715462111
27.15477546322468
34.988539383989156
63.818815048197436
53.82373707620013
19.40572288299662
25.1404526017198
21.99383390156061
21.90842441650099
41.954692314461894
44.859618796820456
9.071248622867909
52.65502131738358
21.043367571199326
34.69978451554902
64.74482667603614
40.745959850130454
60.73859879522166
25.95674046016625
29.574428592685717
39.915379068658225
36.358852801736944
45.86639415653427
39.564307314094464
55.04429212009728
39.40009742926263
38.36228771799563
24.58480501043655
26.40383211605353
40.72948603149497
43.4493555297948
34.10833200891047
53.568315332202666
10.132247114792296
28.334121993952934
36.9645406328241
47.3472653719387
10.978502487979432
25.122216035164776
45.57610043454227
4.588626029090669
21.09505918231416
26.209918186419443
31.319728402045936
30.11860273287786
44.47053188250918
46.33500974667633
37.79898627542133
31.431977168998607
38.10287817703008
47.38901762899486
63.129002696571646
11.886413157039666
57.46919223357051
26.77873047093804
44.72305429934448
45.5698452021524
11.305746102817924
12.648999927461759
15.968832247221044
52.048509838204865
4.222706709781425
58.83173252708241
14.89399596439561
31.197276024471257
43.59762224002969
44.03755944324884
56.73632779802827
11.197774300600745
30.89733433124963
45.895990959179926
18.80353409469599
50.63003297090098
41.01680703108362
33.050927441324525
36.56984745916447
23.877941929089566
53.272486673534125
41.796124155519365
14.876849113213623
34.40334501248567
34.64259290221954
38.39354680865547
50.775620231606986
32.45601865401549
3.335311142230741
32.25486938544134
45.16400833136221
45.820030897291375
56.03060801580401
29.207955709338457
40.263026879295474
22.44125832116906
13.374714535763903
34.59639640669697
43.638828662208255
19.29769752420659
39.76216214870208
39.38650013880082
45.556204996709205
52.50017292927002
62.098053072124415
49.71183371360133
56.204102346369204
44.90733687699142
16.764280448615853
45.16006283364189
22.354087315216095
14.158901623619032
59.681950228913436
17.8583060938414
25.67400838349179
24.13181064987042
56.480815929950495
41.00319592987573
21.93181120530418
41.12647289558632
40.83413193044868
57.06577639211018
49.60023337198588
25.63375499477894
49.33332268316903
30.715410422377087
49.905765703579156
33.2370204304771
39.92254999744237
55.082364316650114
42.154959970862684
27.459573320155847
59.93716670868581
37.109519805317014
24.356890937663216
47.342010958076216
24.28611284205028
10.032481929959314
23.8110365930218
56.379226245304956
62.013476765629946
25.661234761202223
28.969761026413813
41.06953168182204
43.59468101505488
24.24811980854184
37.352207405041234
28.484481200437106
14.678128601868188
26.2755328650546
30.999325832602576
46.39555082979377
43.89243868831764
31.71416509435803
51.02619388518486
37.09413670738327
14.838687402894625
26.183019932816965
34.071204229792826
26.83707039573639
34.82961937783109
66.73878308066094
8.855198236217593
18.83694373358139
26.631537602311095
41.2150663186302
9.972671337309903
43.57263879003338
40.62137581337124
19.37638271371465
27.397577233640238
42.23316206724686
44.70181291449309
27.010129119385937
34.2285810668289
39.872908461782814
58.88299068488225
18.528629746854755
19.32994766596376
45.642441335403426
62.1131117984814
52.45526691839324
38.10683293479115
31.29847053717858
59.278470243802765
67.2986101748967
24.19182119618347
50.676027159575156
43.49290551611514
34.21036722970993
15.119815369194214
7.312715412920165
8.718434555953397
29.40207570575848
39.87300956565308
36.608907117596246
41.52388558007662
45.53474461722445
29.392337851378745
37.31587737961688
45.90447977969677
24.41068712301108
7.204662517456428
48.34902508944181
23.23356956836549
19.494090586535094
46.99625917411751
35.77965775946402
30.308311446705027
34.01894845652375
33.75057749661667
6.3991417481116155
44.68714758758827
49.245903788792454
26.108690235801276
21.41117056015661
15.293269260582735
42.92637879919924
39.93596237970303
42.63442519157367
38.77926639018645
19.655046142460204
12.58925680390254
37.78551714820405
45.67079760342435
53.458638276127616
10.3764137699823
24.517817857486193
57.20630157361919
29.147130345461218
47.76526992946222
28.393178714031045
27.382770269624448
39.77199552193729
39.07442224837064
37.8910060318084
27.94210805290987
30.421897344576358
15.052862246071745
35.24299883514524
32.939984214945305
19.280591412151647
29.0313674578722
58.67658186293718
34.14372214192354
33.11406266769942
44.05488096107193
38.67007592860911
27.183782328395253
17.41652756986891
16.47491313893406
30.456823786143392
31.847111154710632
44.30914650565353
35.8938865257373
28.46253108610115
41.43523063028726
36.47349443164985
52.46730286411007
25.416160491254317
34.48747979083045
42.39132071973374
40.196590495400145
25.537559179925733
24.679099119608388
22.13949176200124
34.6591735008109
35.08917210076046
30.667653846643493
14.673976160262981
48.94450904636345
19.229379382817058
39.88959545710859
50.13840577023326
46.211459056477416
23.389520311610934
28.262023982379663
23.607411481353637
31.794728669294777
7.9304993818407175
48.71033771064906
48.7969144320382
53.28366483420143
36.880909178348915
43.358772525871856
24.485447057607367
23.282856707263385
30.028701356280138
32.81218349334097
16.00361419602141
28.048980472619142
48.453427300555354
27.144182892836277
65.09534939574672
36.3578203386199
39.74419195847279
24.469609996104506
38.76128309397241
35.28356333510739
28.865748088268255
25.65641246421192
27.32440319286419
60.806082051460635
44.06219411625577
29.679699109329
41.474594896285566
26.87330832382836
25.317417042605577
19.693071321324904
54.23649180903772
44.452594217706064
11.073896534733613
35.27895188049804
35.417538558079876
34.237025702932094
25.108457351343567
38.027843906282506
34.18402904984329
35.82351672335481
13.227418377674898
45.3192027002992
55.28282182076003
26.169416845737825
30.82703070985007
42.35242156194835
22.812797400447664
49.42824430604695
46.21431184496821
25.351636025954868
47.18028388251764
27.95050569711337
32.81257003442391
60.48940229167182
58.19378380969051
42.14185738121062
37.64348391875315
48.61201193795577
52.274716106918405
28.438613798547337
36.37899405531532
48.07751872937588
44.87156608905333
16.025224722535793
16.543147794199154
35.621220081522665
29.945106718520897
25.73244563647647
24.645508845641228
38.92316975583461
9.426758415320673
31.21758973363839
43.5990440111987
57.480529681960185
68.41010834025779
41.1131339256216
22.748890951414424
26.831012703241967
32.3085000733189
34.83261668946069
41.3521605170612
31.2719127440705
45.530116799195014
25.358613610245595
53.147420039329354
17.342050833354257
61.17443461048909
31.7061358300371
56.998178744653934
19.498742408832207
20.50245092111917
42.15798118959478
35.47378375463236
63.70971044212216
27.56847669489187
32.65344572311808
18.542172235770046
36.127106741999675
24.254341126747807
38.29952487437868
57.853959250719996
59.58706372093555
51.376126611748006
54.96429498058677
36.65966031068993
38.1258522630861
45.27516716567042
21.391997366328592
47.8266644511674
16.737218368469435
39.62011228719259
16.454844858588586
51.44356159112712
43.83075131292617
11.784706635986343
33.23865597275046
41.8600074363213
23.209252354315876
61.46603735288709
31.48595893593916
44.38130087849506
15.735347569894765
51.01181462374369
25.590484329744445
22.706439179374357
24.723273092690402
24.74385050937962
27.93779094185375
57.05929264923973
15.665385084613346
46.84265718962942
37.93308960121671
23.618749635529756
39.37356962995567
47.14796219231314
61.34067938564391
30.156116861693384
42.17306674820746
24.374325201806
8.821410906609458
18.306761956869146
58.124763861627805
18.321261958107062
38.53989906913457
17.12006595110504
45.183732408919134
14.7783966177876
34.697136431599525
44.81446686430156
41.424077504639826
55.31302171642677
36.27254479457469
20.823264490201566
26.42643757041739
51.97590899074298
59.72546716568324
18.277277634327515
30.44143348157489
34.84338898614343
47.504952648932736
31.9346872423141
57.73545324049478
9.228660296364108
25.256898349482228
60.869109130927356
35.5977529296824
62.41433263913828
32.99169487490883
55.297565332245426
13.096623364799221
36.654384292295504
35.40596671676566
16.7863455653525
27.48795431658779
64.36097541030728
28.509290983419774
60.185702786002324
64.396253110869
51.61303816409145
51.39785875228781
11.509788228293347
20.92629482583582
12.639750274116906
47.64973952723139
23.980809887059394
35.79040658090706
45.2121421961521
17.95743556901843
51.248395547439685
29.629098249712328
18.28325590959836
40.69002543723326
17.95036390766578
20.98338207636045
57.309506188785946
36.1134000339852
54.26279023850985
61.613886846620794
41.87687957940633
40.264398226395926
50.48683640264379
18.87986077467357
34.02896007257301
43.32772874108247
31.131062175894215
49.72567469254051
49.443862101688886
62.50979913474677
30.08097342983259
36.336726557527875
42.08730628571702
19.76512698114503
29.045491204486655
62.02663797309335
37.45468122355901
38.8318997064749
16.022427070658736
37.60300990440162
30.242543044294024
32.717803605488044
45.77358321029686
57.01547977881165
5.331545982155493
20.322084772105505
11.265424916910874
42.98939234690074
41.05082958029375
39.41862943567553
34.338037378865806
33.34471255913367
39.547427631844414
51.602526529874226
51.33855408952448
21.167974612922553
30.896741043937045
34.59450302643968
37.495688938313066
48.69846618033491
49.113227344737936
46.73390064539606
42.7624250467744
22.715424782701554
68.06332936121176
23.252131395302932
14.78446860898674
41.81291983621298
27.517216157633918
26.6060008961206
6.553356994110208
41.94984682659501
51.21479625681622
18.125228259046516
55.62965222889683
37.89235883275797
37.66278561171392
34.487486656526535
40.842228222701564
22.31789365979241
35.80856725975458
39.007828264333014
64.27911008868885
36.28835205657056
60.52597446511017
32.62100693980695
57.28647617780622
49.02602612118419
42.15345612287889
29.798229963638516
38.96595623592779
25.670448586110787
47.806188669296986
44.84533502362959
39.97335475288635
22.864383625797146
17.443715903375768
60.60019560059693
26.252435021517897
35.164315609374206
29.778121902482297
4.701526025516056
25.126617105790437
36.785022702941134
14.675272433267015
41.934024952500664
41.27955201668408
42.3787938893852
30.81409328224006
38.13452887948005
34.33034254196496
3.6659719579656778
26.541105822663404
26.717963066594773
45.35194830205553
24.442314278194328
16.60685057253042
20.867107029327013
37.15076803678874
21.323879076172183
10.019112894648433
35.987702376088734
29.56885171258332
19.539311458758686
28.512760762249552
46.80116424524485
50.352796830680646
47.66657989386616
58.881495397983485
62.640829303981825
20.261804531910823
33.37833350200387
42.1857292008326
40.01823110199676
9.442113229789507
25.479710932642185
52.05929737697497
19.446659571873624
25.902696348877402
40.822669484580175
10.327325030698802
41.07346172398741
12.873724718413172
40.498076922303504
33.67069845556418
25.100132661531134
13.907276754399303
50.95037037713389
44.72701048056286
22.05737595000239
22.134165764292195
42.588261474119335
49.91020523702012
52.387080345630004
28.775777515321906
28.090631347918432
8.26870205227258
45.58484897223093
31.669874006464106
43.27823199175272
2.1203223370062334
43.016827662643266
14.198122183622498
30.61352973989969
60.69294702115961
5.139126863628964
62.8839384738656
21.110174079791896
47.86043403962776
31.931420821659596
25.833602573420173
9.583569841969425
6.056760496377657
33.77284913241505
31.964660798640814
42.410162511261994
59.08550084710808
65.30292922134215
34.46179639319529
17.294554385076545
52.504236437948464
31.856235058522827
16.84682736634121
44.50128837681397
46.78866740165178
55.11898022101333
40.77706588934247
43.413921265376786
39.95186014460172
32.48043578043644
42.43777541926008
37.43278400665316
17.135410012747393
17.789911723270915
34.598226964475586
52.43858859401281
47.1887494110172
32.36195310835588
51.43690399839537
23.05712304831858
13.08238894550854
34.28120358876407
41.70855703507872
45.564165428299
31.52308877327143
28.98873063701204
46.159276250735104
19.70474076646515
43.20265635259122
21.41437291581981
42.5742849910021
15.694991648912055
36.6101143760865
30.461420991078633
22.709804286926357
54.79913687683106
28.574704948648115
26.176804216228437
11.005377642613382
39.332047373677185
37.42234542426661
56.2189513339607
10.742510168016313
28.421459155540013
26.086661055050147
35.85211775689908
47.711629460110345
11.70138041705226
39.315772263027284
32.16333524242655
18.321217017011804
6.789882835109862
46.691817628063426
19.437415463511037
32.24915812984376
27.89469182889144
29.783315620632962
49.97764910090195
33.90084865201315
41.26135279937349
39.38480102774945
48.78909165368791
34.460725387160245
45.4044029819201
34.18997556305345
41.63110002907745
35.264208065032996
25.351673445096118
12.569059354629236
47.88632879595818
50.17831915235875
51.33746957198937
38.64494083086166
11.62477150272066
16.834047615864435
22.00057169810004
38.97863657630768
6.0391265363568785
14.502213977835094
11.57106023423226
35.58654548775899
17.046579419514483
59.669627900952534
27.00739010360963
36.17429850117043
40.601793724888715
35.4053184028693
20.16307203815377
17.201660392330442
33.81392604002002
50.85645453474664
40.28402985022181
27.354377331446962
41.41152439295469
33.430627470573306
60.784254676462474
29.995232867578373
8.063398085123218
12.125241706175636
28.642445464736575
40.12311003710636
18.99046232831174
52.237197030065815
18.380954089526874
18.90590938114583
31.497735023011238
36.4574181562117
40.85346326399844
37.722852410270846
39.71353593164102
65.21907664754106
25.94743103089884
40.50150859775786
24.472076669062133
40.91462144366167
58.428629767683915
36.43270753006648
34.76122070714772
19.757687632566473
30.425573109933225
61.741893664263614
28.470044086652024
39.56002121370221
13.088252799228627
43.0945421575243
27.665521814049356
33.96020689860634
52.751183741837345
49.717211613069935
66.6429807815527
21.589446564791118
27.825881895278776
16.49451744494981
42.257401685530425
22.387869886144014
10.338614774602405
28.36236459057328
32.964263175379735
22.414325565324614
9.960667183420597
42.477361921130424
41.225049874388446
37.355735533454634
57.29396773800749
40.927786897402584
16.784508131431586
48.15985189426623
15.062953196527252
40.96706080902969
24.396994823274344
35.83931486148213
69.09934946732102
34.48280208195257
31.759600970664074
40.24009033635942
34.96912463986439
23.868409212905263
23.464672361465283
45.9253395482031
32.725019014258784
12.496041616031185
26.453252473705
14.641801364699122
40.26200274977283
21.798486788963707
30.774617103427182
30.522474007365794
23.874127843579103
39.27941369187937
15.012293891401473
43.50189408981484
59.586740427684944
23.024819064975517
17.103702173467774
37.97243811912597
34.190174984668396
39.54442932685523
41.14488888145858
28.086773380926502
41.326485007403924
37.72936656347156
25.650303011161938
29.28051861903797
46.25392215256167
4.875893032789327
6.831476244351354
41.872642399795026
36.630458449027884
17.05710487134585
51.719362987322654
19.02985404374172
18.652752490984856
51.78039560608532
43.554930747622244
32.01792258053237
17.41152126098713
32.39534909253807
24.188892439044597
62.3006201248549
38.718221848661074
54.58436781711744
26.434062552896545
36.763859241970536
42.23508544703726
32.2805576126239
5.946249731656369
36.26417422709252
36.65038238565747
39.60500971423692
26.098238058188258
24.00853908490434
33.55484603820513
43.43308366836921
12.302360355114441
31.94209173079311
58.860280202476176
33.70866954894034
28.156244447549184
45.03176147947546
28.975277592059285
58.681873926675806
14.685042333234122
55.88447876051959
27.82654851116635
34.97756130875532
25.536696914905264
35.492231442283426
28.39996935854394
51.271157510820515
40.162054351412564
61.88469812350967
28.30291959692583
30.980445188348956
21.847763895662425
22.13151878111228
25.39052089344849
38.74123989323468
40.94180374903195
23.46231368035559
24.948055693021008
51.54847327500311
12.190462479686706
38.49297569814605
37.8094655539418
33.51217502281712
57.5320973869527
52.717369949368646
10.637883657806656
37.66016604432914
64.60672069196798
41.42479509393998
62.497088002162855
32.63135185578166
47.109678293497495
31.219294952511174
57.63276673255713
32.117915797634105
24.524762754148448
19.586368674278635
14.736236941920605
12.771563421636206
27.299533850504822
20.452121039402186
45.0864840518022
47.28619643488966
31.027851595691438
48.18595674942661
42.01300723975443
25.350249137478485
44.18623828449934
41.39797520052964
11.74359980194675
31.162079443740325
44.56696956028655
5.185235157994397
30.21403263627152
39.70890812047142
57.491689659633536
27.710921137005865
30.08279135748782
58.78427640523495
22.024778340190043
25.559791934099025
52.38048837618041
20.388755368210074
1.877773334829702
40.9637292377508
30.62206327017776
28.305455840309996
40.66161868507598
36.552669367756266
51.5411999549658
24.247547556097814
29.476280759276484
58.673752237599004
18.259774269595678
6.094466235648136
48.846825705067474
29.671460968561732
34.98376954044914
56.84989015391824
6.637903132770218
15.805252387678099
21.86998252344336
50.880903424306986
38.02121590970617
60.83303065049381
17.10677505378531
12.28635179476769
42.390073863463385
61.40219210818033
30.10722730549857
55.79171826043027
44.02140843447728
57.73398137579248
47.599049399908424
33.632170787578275
48.528763051283434
46.48326584650354
28.033888466422496
38.016284735885776
37.12013162515278
52.62771831690993
21.606019399904376
39.73813418549827
15.648970237509822
48.24327337824115
21.659528731655723
19.259537530462467
39.43558371098684
21.445495036272654
54.740473772970404
20.90941968315069
36.46287103961243
21.548384873788315
37.747795386609546
23.981278805218167
38.142880665913
53.60691892089048
15.250261740839557
42.164880843735986
52.09917419985062
47.02963723209926
8.118882144347372
27.333561210648185
62.467060893988446
28.025699930580593
49.37447674555757
24.65741915135694
36.242121576879796
56.55136783044939
31.97443042639887
47.62210825316081
42.43819232009844
23.176601110161265
22.778716428749856
48.772334985152604
12.252878666217846
24.076688415809727
11.010524894961902
35.330440586841576
36.20072851928431
22.087817055958148
7.041328715703249
57.91098504974913
36.65611858908298
22.95554342240296
20.257882656390187
43.50637131428794
36.58960204046906
54.010476379109015
51.47264040377143
12.124114047727533
