X:
9
3
6
10
1
7
7
5
9
5
9
10
0
3
8
2
0
1
3
4
1
2
2
9
2
8
3
3
10
3
6
3
7
1
0
6
1
0
7
3
4
7
2
10
9
5


Y:
5
10
2
1
4
5
1
1
6
1
6
7
7
5
4
3
5
6
3
6
1
6
7
2
3
9
7
1
10
5
0
5
6
6
9
10
7
2
0
4
4
4
10
8
7
3
0
0
3

ADJ Y:
10.2
8.399999999999999
6.0
8.6
3.1999999999999993
8.6
6.2
4.6
10.799999999999999
4.6
10.799999999999999
12.2
4.199999999999999
5.3999999999999995
8.8
3.3999999999999995
2.999999999999999
4.3999999999999995
4.2
6.799999999999999
1.4
5.199999999999999
5.799999999999999
8.4
3.3999999999999995
11.799999999999999
6.6
3.0
13.999999999999998
5.3999999999999995
4.800000000000001
5.3999999999999995
9.2
4.3999999999999995
5.399999999999999
10.799999999999999
4.999999999999999
1.1999999999999997
5.6000000000000005
4.8
5.6
8.0
7.599999999999998
12.799999999999999
12.2
1.7999999999999996
7.2
4.0
2.5999999999999996
