[X]:
1.6399864413812915
62.308282146627334
15.480354477615943
87.43762624463547
89.68979906529142
95.69991584339607
0.028884121266525842
47.94221326958551
8.709947329503521
28.529060264428065
68.87931025429673
72.77711594298562
80.25092122273378
28.812129154722577
75.92247331506272
72.67471885824952
52.45461344567395
64.64841839178433
13.840011928286932
55.10807953461708
85.24168962991764
31.943824198738792
22.399422196768338
11.387594857429873
84.407801040335
82.49869450776303
77.16576876079951
89.31363167494303
46.33030115193978
16.392801004416157
52.699666628345554
89.5167259115677
0.07046765564299173
10.856869261054191
64.66159763946436
57.30822825537124
47.95039898804845
36.2319581691923
20.051389379483563
88.0609984287968
43.25220019893003
93.38897036790338
47.40430951619183
8.738104690568937
20.769570048778363
3.6704670970587494
45.83551473522315
32.38163825990248
65.12108084244396
42.459938282187515
10.913746332740748
22.285712248909306
0.586134461526433
9.591558559347014
57.2922095770485
11.751559068222095
0.1743410347307739
38.847602904294035
1.8730592874261043
78.69127302832032
58.75601250782332
78.46180244141793
76.55513202759778
69.34996365452297
23.66752482872043
77.86825114259034
20.668460902153285
71.52800983119457
73.20686193267666
51.07106830227326
9.98846150428827
88.26543377973854
50.165327545234064
0.8842197012144726
81.76129442903711
57.65409859187709
56.170925114884085
41.49697186355269
94.7049423798918
67.46568440993201
92.6625563993493
60.12079091374777
26.761163720997196
87.38331302174628
52.521213718101144
29.11741016125189
14.62289320904434
48.69984355176332
87.59041879816976
21.0058717758803
20.47752725055392
82.28303580681842
65.66891104719029
66.77287540996728
31.427686296019562
66.38002373978668
70.80852321015753
39.19992706279798
43.74027120188112
93.77654039296942
[Y]:
42.449637866525485
76.12838907225171
33.11147438143331
107.02670675318629
117.33557028450393
119.69344612431965
37.94841651794372
73.2243946530576
16.556750483634517
68.82925377903791
68.96561753853213
83.80677991155787
100.55867223347477
46.85363116824555
75.74035418757559
105.07322735864469
50.696271255939095
72.56794306629013
37.30173471364007
63.54574820048553
84.99942865965316
36.59545987723813
62.44079972943602
11.992394949103154
109.09465290721062
75.12060484569487
82.96177860969564
116.12523984448225
51.28684871253528
49.624712452299924
71.83953404933877
113.69268529132006
37.54995180452848
23.719658954278927
95.24607889561364
79.9102485628485
58.847395285990025
40.89067034500035
59.4557904051716
101.04939330362049
66.82393341769733
111.0752467810652
68.81727222581668
34.88946767146422
26.538631142273736
38.61050183003232
58.25166914150946
66.63000534836202
76.04456853236226
60.88021896038026
19.84783926961022
54.492442677989686
30.168033831450366
45.68304372350803
54.61421787982213
27.14021914685444
32.84864900781274
55.013777754151725
7.352321985286368
94.796089914962
81.64914428440943
82.82053923919003
71.07906829660834
90.31192052773098
46.146496324030224
71.38909571139351
47.80623773366047
66.11876842549138
66.75795552811714
85.19405196391199
16.399743557878587
97.74626596463551
67.81506929712216
11.693045089944707
77.94406392967406
68.888394612498
50.989722497749746
56.526430028776375
106.15716307089787
99.5133165664508
118.26749230773976
66.74951875864095
55.03322984803626
113.51617326789703
79.08905463413794
65.43575963699276
27.980860296178193
69.1114730691229
105.85655036830497
30.674311745852087
48.0702873415751
91.49032800029927
72.61460666744735
71.4287251221763
30.900257032542008
90.6902038649468
70.70190919880686
40.074723194412925
63.77607816552078
101.83448212783517
