[X]:
84
85
98
93
87
87
17
75
76
20
65
60
88
93
87
73
78
13
87
21
98
9
95
41
15
18
17
93
19
62
69
57
54
12
85
58
89
80
7
81
74
68
80
73
80
42
84
8
10
76
12
29
4
17
89
9
9
38
55
55
100
44
9
24
12
29
74
0
84
21
42
100
53
26
38
84
24
92
86
1
46
58
61
74
73
11
21
97
18
15
75
42
68
75
69
65
69
23
16
48
74
78
15
68
66
8
42
70
90
41
72
37
12
64
9
80
78
24
81
79
22
60
82
24
92
73
41
24
57
87
99
53
45
0
71
3
66
76
44
25
2
24
71
68
47
55
27
15
5
9
17
67
94
37
13
96
50
81
2
28
53
28
43
67
66
80
61
59
70
82
48
66
88
22
18
20
51
6
2
80
2
32
32
75
22
53
76
92
91
34
94
18
49
20
85
83
93
56
68
42
94
71
97
12
95
57
23
39
32
3
42
21
54
4
71
0
17
35
23
16
40
50
98
85
3
87
47
77
73
47
95
58
15
35
80
76
25
2
93
93
100
34
63
60
92
4
78
53
47
69
72
53
29
72
11
72
72
53
92
57
86
48
9
70
78
2
4
55
96
84
85
98
73
81
29
77
37
16
97
96
26
9
53
0
12
40
77
40
73
96
22
39
67
98
50
55
31
12
63
11
89
69
84
0
60
65
99
50
87
81
85
87
36
29
31
26
35
18
33
57
81
91
78
18
51
71
73
91
68
83
4
38
76
42
23
88
62
71
23
63
16
20
10
14
47
71
29
80
62
76
57
56
20
96
63
88
8
7
98
95
84
82
21
56
41
46
87
13
27
35
77
85
36
58
9
25
16
33
88
97
81
70
73
10
87
61
36
55
3
59
18
100
75
63
38
2
88
49
40
53
5
31
87
87
50
34
69
50
66
12
5
90
9
30
50
58
99
42
45
10
79
64
61
39
27
6
94
45
91
42
66
93
42
15
84
2
59
87
68
27
99
89
20
89
3
34
94
0
75
62
53
74
14
31
82
37
48
46
71
50
32
70
19
39
39
15
94
73
46
4
34
29
100
31
12
86
11
23
22
30
81
19
52
89
32
72
65
93
35
14
8
70
90
49
83
55
8
5
19
49
62
86
11
63
27
85
59
37
54
35
15
26
56
64
46
92
100
88
76
67
84
95
94
13
14
71
70
51
38
10
31
84
66
22
0
78
39
1
14
46
38
29
60
3
85
43
59
35
92
35
79
89
79
2
15
60
77
37
70
36
34
31
98
1
36
14
96
83
83
24
22
8
64
75
10
3
47
33
84
99
42
32
38
23
12
71
5
52
82
19
15
40
48
52
90
30
90
34
49
84
36
75
79
2
80
22
96
69
23
51
33
89
16
7
42
80
93
67
53
34
38
52
64
99
50
40
3
94
54
74
15
27
26
44
69
88
91
22
24
44
24
14
33
6
92
78
43
89
8
11
74
84
54
88
72
27
83
78
34
79
87
87
53
80
66
98
6
87
66
49
15
18
63
53
41
11
20
14
20
27
19
4
16
77
74
41
45
42
91
30
87
31
58
45
43
20
22
18
45
28
38
59
26
61
28
32
90
74
15
32
10
84
22
91
95
88
11
70
65
8
3
5
92
69
93
44
77
50
46
69
31
39
80
69
27
100
28
26
97
90
66
84
71
7
23
7
82
27
27
50
74
13
41
37
89
91
46
0
6
97
99
14
1
41
25
83
53
22
30
61
20
75
46
34
7
61
16
61
58
37
45
31
61
86
62
91
22
61
18
12
30
39
52
88
16
54
8
47
35
93
30
25
38
70
39
76
81
70
82
66
23
69
100
36
49
46
47
69
91
82
50
69
20
60
64
14
16
19
99
15
46
0
65
53
76
83
50
71
48
51
54
83
10
60
54
22
1
74
17
46
95
36
87
62
48
86
37
2
7
41
53
87
15
76
78
19
46
54
77
32
17
73
50
83
18
12
90
8
39
56
33
100
19
11
13
39
56
10
85
7
21
47
6
62
30
64
24
70
16
51
88
25
69
35
78
9
54
28
6
27
76
61
21
62
9
17
76
38
81
8
98
50
34
60
17
13
18
42
65
82
90
66
27
89
35
17
81
16
47
72
28
40
37
6
44
80
13
80
46
0
66
26
65
31
42
60
51
18
51
70
31
58
45
22
3
54
51
52
94
7
33
91
78
52
19
49
18
98
29
56
44
45
26
50
4
48
65
8
53
38
95
80
77
67
74
41
93
99
24
16
[Y]:
56.8
86.2
58.8
118.2
83.4
118.6
63.8
97.80000000000001
99.2
20.8
111.0
72.80000000000001
104.8
127.0
100.19999999999999
55.0
61.199999999999996
54.2
108.19999999999999
63.00000000000001
134.8
85.4
89.0
79.8
57.800000000000004
52.4
51.8
87.0
81.00000000000001
41.199999999999996
66.2
47.8
54.0
12.0
117.4
43.599999999999994
57.4
60.0
66.60000000000001
50.2
97.2
111.2
65.6
93.4
103.2
38.8
58.4
28.8
55.6
45.6
58.400000000000006
59.0
65.60000000000001
55.0
120.6
34.2
28.6
74.0
81.80000000000001
109.0
139.2
76.0
35.0
23.2
24.0
25.4
107.6
48.0
124.80000000000001
17.4
26.0
106.4
51.8
83.6
95.6
101.6
40.8
72.8
67.6
6.2
54.0
112.4
114.20000000000002
54.0
104.6
29.800000000000004
40.6
88.6
23.6
10.6
105.80000000000001
50.0
111.2
93.0
73.4
116.60000000000001
44.6
15.399999999999999
71.2
88.0
113.19999999999999
60.4
81.8
96.0
106.80000000000001
13.600000000000001
46.8
53.2
85.2
47.0
121.6
45.400000000000006
30.400000000000002
66.4
77.4
119.2
101.2
74.4
67.80000000000001
57.0
82.80000000000001
102.4
63.599999999999994
39.2
80.8
64.6
82.2
16.799999999999997
77.4
101.0
139.4
48.599999999999994
75.80000000000001
47.2
98.6
1.7999999999999998
70.0
99.2
58.4
33.400000000000006
39.60000000000001
29.6
70.6
52.0
101.80000000000001
79.4
77.0
88.2
61.400000000000006
40.6
88.60000000000001
100.19999999999999
106.80000000000001
100.60000000000001
49.4
118.4
37.2
84.6
9.2
71.2
83.8
89.6
101.0
101.8
80.4
113.60000000000001
115.0
69.0
103.6
78.8
35.199999999999996
76.4
62.4
42.0
69.2
62.400000000000006
75.4
9.2
42.00000000000001
88.0
65.2
67.2
67.2
77.80000000000001
86.80000000000001
40.599999999999994
114.4
83.19999999999999
89.0
67.6
130.8
74.8
46.2
69.6
70.2
80.2
103.0
103.20000000000002
64.0
69.2
65.2
56.2
135.0
40.0
57.0
77.4
76.2
23.4
56.8
47.4
84.4
14.2
82.80000000000001
80.80000000000001
101.80000000000001
60.800000000000004
85.4
51.400000000000006
66.60000000000001
28.800000000000004
95.2
63.6
123.6
73.4
19.400000000000002
98.6
59.400000000000006
80.6
60.599999999999994
41.0
97.80000000000001
73.2
21.8
48.2
104.0
56.800000000000004
51.800000000000004
30.0
93.4
75.0
136.8
30.0
59.4
114.4
66.39999999999999
37.6
76.4
94.2
74.60000000000001
71.8
104.0
51.8
78.2
72.8
54.6
85.6
79.19999999999999
89.4
79.19999999999999
75.0
90.80000000000001
39.199999999999996
52.6
44.4
122.0
61.2
2.4
71.4
58.39999999999999
79.2
112.6
111.6
64.6
80.6
47.8
80.6
47.0
24.0
111.8
58.39999999999999
94.0
54.2
44.599999999999994
7.2
58.400000000000006
56.0
83.0
34.4
97.4
112.8
24.4
76.2
92.19999999999999
127.6
44.4
104.2
25.799999999999997
8.799999999999999
66.6
60.2
116.6
94.2
125.6
66.4
64.8
68.6
115.4
78.80000000000001
71.4
53.400000000000006
127.0
85.8
76.8
71.0
91.39999999999999
51.6
37.8
77.2
99.0
79.0
84.6
81.0
63.599999999999994
25.2
64.2
110.6
117.4
121.80000000000001
92.8
58.599999999999994
60.800000000000004
98.0
100.0
61.2
33.0
124.8
38.8
70.6
39.4
65.8
81.6
22.4
58.800000000000004
10.8
75.4
115.4
23.799999999999997
68.8
82.0
95.2
91.0
64.0
56.800000000000004
104.8
89.8
129.60000000000002
56.0
73.80000000000001
78.8
121.0
93.6
87.6
42.2
57.6
48.599999999999994
31.599999999999998
74.6
36.6
55.400000000000006
38.6
108.6
128.60000000000002
43.2
83.6
83.80000000000001
47.800000000000004
38.4
53.400000000000006
117.6
63.8
114.20000000000002
74.0
77.4
14.0
129.0
71.0
84.8
39.4
73.8
100.19999999999999
77.2
113.6
52.2
57.8
78.8
10.8
57.599999999999994
55.8
72.0
51.0
76.60000000000001
63.400000000000006
77.8
73.8
46.8
37.2
67.0
31.6
85.2
57.60000000000001
53.400000000000006
68.4
61.4
79.6
89.2
85.2
118.6
45.2
102.2
47.6
61.8
108.80000000000001
59.800000000000004
49.0
36.2
50.800000000000004
114.80000000000001
71.80000000000001
123.4
77.2
98.0
102.2
76.4
12.2
127.20000000000002
80.4
93.0
125.80000000000001
116.0
53.8
68.2
132.6
21.6
68.6
21.8
82.0
127.6
60.0
48.2
109.19999999999999
47.0
60.4
34.800000000000004
59.400000000000006
86.0
23.8
59.2
76.4
72.2
57.2
37.6
47.6
31.4
43.4
62.6
69.80000000000001
84.4
71.0
90.0
17.6
49.2
84.6
62.4
63.400000000000006
35.2
77.2
37.0
19.4
52.400000000000006
83.60000000000001
75.0
75.4
95.2
120.6
70.4
51.199999999999996
39.8
74.2
61.800000000000004
67.60000000000001
64.0
74.0
68.4
64.6
116.2
104.2
84.8
63.0
20.200000000000003
106.20000000000002
54.0
60.400000000000006
68.2
40.199999999999996
70.60000000000001
73.4
95.4
86.2
43.6
77.0
56.2
19.6
70.4
39.199999999999996
52.4
88.8
65.6
118.4
95.2
113.0
84.0
71.4
66.0
68.60000000000001
82.80000000000001
114.6
104.4
67.4
68.4
57.2
73.0
104.0
77.2
21.2
46.400000000000006
102.8
23.4
67.8
26.800000000000004
75.6
74.0
96.6
66.4
31.400000000000002
81.4
26.6
54.6
93.0
73.6
85.0
77.8
124.6
96.2
24.400000000000002
49.800000000000004
71.2
96.6
68.60000000000001
110.8
52.8
20.4
36.2
115.6
19.000000000000004
24.799999999999997
69.2
110.4
84.19999999999999
117.0
23.2
79.60000000000001
36.8
96.80000000000001
94.6
13.2
13.0
31.4
79.8
76.0
109.80000000000001
54.8
42.400000000000006
74.8
79.4
83.2
107.4
27.8
89.60000000000001
113.19999999999999
89.00000000000001
31.400000000000002
70.4
81.6
60.0
106.80000000000001
74.0
98.0
33.2
97.4
88.0
44.8
101.80000000000001
111.4
30.8
109.6
18.0
113.6
74.2
21.0
30.599999999999998
49.400000000000006
127.80000000000001
25.6
14.600000000000001
58.0
76.8
112.6
61.0
39.0
26.0
36.400000000000006
44.0
54.4
64.2
58.8
55.2
69.0
57.199999999999996
104.4
58.0
13.8
66.60000000000001
65.2
27.2
107.80000000000001
104.0
117.80000000000001
62.8
15.999999999999998
104.80000000000001
92.80000000000001
17.200000000000003
76.60000000000001
78.8
104.0
46.8
38.6
53.4
36.0
59.400000000000006
60.4
107.2
101.19999999999999
57.599999999999994
116.0
60.2
106.6
53.199999999999996
67.6
110.6
132.2
59.4
45.4
113.60000000000001
70.80000000000001
74.0
18.8
77.8
60.400000000000006
91.0
88.2
64.4
78.6
88.6
100.6
42.6
42.400000000000006
45.2
22.4
32.2
73.0
53.6
70.4
46.99999999999999
62.8
97.39999999999999
40.6
103.60000000000001
120.20000000000002
61.2
61.0
93.0
52.4
61.4
51.400000000000006
67.2
50.0
47.6
65.4
65.60000000000001
46.0
44.2
88.39999999999999
63.0
24.8
70.4
113.2
98.80000000000001
30.6
92.80000000000001
66.80000000000001
127.20000000000002
75.60000000000001
121.80000000000001
63.4
116.8
64.2
91.6
43.8
36.0
69.8
27.0
122.4
57.4
101.4
37.6
46.99999999999999
30.0
70.8
84.6
27.4
93.0
59.2
92.6
28.2
61.6
51.2
16.4
111.8
130.8
116.4
103.2
108.20000000000002
20.2
73.0
4.2
52.4
77.8
40.2
35.6
54.0
67.0
28.599999999999998
98.2
84.6
73.0
88.4
20.8
81.2
91.0
106.6
29.200000000000003
29.400000000000002
60.599999999999994
52.6
93.8
75.0
25.2
20.4
88.6
29.6
101.80000000000001
101.2
41.2
53.00000000000001
67.80000000000001
67.2
58.2
42.0
91.80000000000001
85.4
19.4
39.0
64.4
51.599999999999994
113.0
45.2
72.6
82.0
52.8
68.4
49.8
45.6
82.4
46.400000000000006
96.4
9.600000000000001
41.0
57.0
108.6
21.2
84.60000000000001
55.60000000000001
85.2
103.4
78.4
79.80000000000001
82.80000000000001
80.4
106.0
38.6
53.4
88.0
48.8
35.0
46.0
106.60000000000001
64.6
130.6
58.8
99.60000000000001
109.4
12.8
109.60000000000001
110.4
40.4
47.2
43.4
80.2
12.2
54.8
77.60000000000001
83.80000000000001
108.60000000000001
48.800000000000004
111.4
76.4
43.4
104.8
56.2
102.0
69.8
12.4
83.2
65.2
53.2
50.2
68.4
71.0
98.8
89.0
47.2
66.6
82.0
51.2
122.80000000000001
97.4
59.60000000000001
14.600000000000001
31.799999999999997
49.4
56.199999999999996
36.2
65.6
90.8
65.80000000000001
49.2
66.0
83.8
80.8
45.400000000000006
70.2
83.6
121.8
31.6
38.400000000000006
122.8
46.4
47.4
113.6
29.400000000000002
104.0
45.8
22.6
27.8
43.4
95.2
47.6
72.6
34.6
44.6
73.0
50.00000000000001
58.8
58.0
67.2
68.80000000000001
65.2
60.00000000000001
109.0
58.4
28.6
63.8
49.8
125.2
61.4
77.2
57.60000000000001
73.2
72.2
119.20000000000002
46.2
37.4
63.599999999999994
24.6
70.2
49.6
40.400000000000006
59.800000000000004
73.6
79.6
55.6
71.6
106.4
79.80000000000001
78.2
50.8
78.0
87.80000000000001
66.8
82.8
76.4
54.60000000000001
63.8
101.0
88.60000000000001
117.4
20.8
60.2
63.199999999999996
28.0
59.2
83.0
31.6
52.8
107.2
26.200000000000003
96.0
86.8
74.4
65.2
33.2
66.2
49.0
39.6
39.2
83.4
50.8
85.8
77.2
61.0
74.0
73.4
67.60000000000001
62.6
34.0
38.599999999999994
47.2
118.0
63.400000000000006
47.8
93.0
63.599999999999994
39.2
55.4
47.0
43.6
101.2
33.4
80.80000000000001
39.2
39.0
25.200000000000003
96.4
54.4
30.4
79.80000000000001
37.6
106.2
77.2
81.0
96.0
62.199999999999996
77.8
50.8
55.0
79.0
131.4
84.0
12.8
