[X]:
18.759077246223644
28.433438421292124
11.234784315128849
16.385531723171066
22.15504878577273
11.35929745892328
45.39454964093563
6.608978718159269
5.021543399399303
28.874160811235466
14.232494996234696
14.513994475575565
35.111163505906795
24.140254155245273
27.575030029181125
48.994764075791586
11.413784901685869
37.472460152711925
17.893226226241783
37.10608814984501
0.3621257333260186
4.195935709296133
26.854195948324072
15.809382561082424
35.23664438676471
30.671202580494366
15.216206607867239
6.41259671020547
27.533956481459576
27.534780956183486
46.54947013488332
26.080283234232542
32.43054416145485
2.32366612787171
8.893212341471667
37.49212649131553
8.071248206896358
25.32545309992022
10.456115777472863
33.13643442772389
26.665807159516376
42.995479810681694
17.946778254497218
2.8209831889713377
25.543107976986
15.217230780678232
6.263975083712619
22.761207313091514
35.845377272779864
25.934972383280346
1.3116722421194382
38.491094942025256
14.862120161042263
16.998495547212343
18.484183524485616
15.892780112603837
29.056667274716663
29.77438836220909
41.130798284428025
48.323288182118226
2.76477498769363
26.77229615662909
21.616275366599663
26.932961281646396
41.245497904299896
14.905744683350663
33.30769552308715
43.2097043521377
33.20843504960014
25.17980960660396
23.8965417285033
17.85997404111233
20.363356632809936
4.393057137569755
39.232844557546414
8.050319548151135
29.79628505158128
42.35648839948
25.970657012164157
27.182867286704564
10.821956475269157
17.403205593750044
37.42521483573063
29.93802468134097
41.07357690052851
4.171012254225781
47.32193202169868
18.73808763793615
14.61846553754858
3.973241503738306
0.7019536364744672
6.091599577705608
6.203361950436309
8.797869213846166
6.121481254572458
17.468008697989557
39.578983278870275
11.01768008327943
43.17738905951125
14.064005231791432
21.711718758186855
12.572574603258497
5.747022946062757
22.176094985299066
48.347451798525455
18.682826311271604
14.546034056102652
48.81100355446269
17.57608368205218
33.18326746806981
15.94593713205425
39.96220867309545
22.83380077631373
34.052519060426974
20.925721011573202
8.10091136483872
48.109424773571085
4.998062431373645
24.963533757022198
10.921194318138088
12.968357174040806
47.385244889151934
6.985714464470238
35.27338090235815
9.231585088134493
36.235359340972096
13.869882382630921
48.74803132845816
28.361330448529042
33.04615499157556
33.80011057365178
23.439883272491198
42.54441728749471
35.737536035972376
44.743965411431006
34.66663961648327
6.6777492385339645
42.10263163459782
42.00598093884607
33.844448540845164
20.997042444622103
23.222629037385122
29.435082717057508
19.736563111014192
11.36628294357675
2.667845461303464
9.10319309441119
44.80829572207124
1.1908626014021317
16.036332504480676
48.57217243263936
16.467704825328244
43.077517503086774
48.016380652663194
13.889046029342722
45.76159629956936
22.4452659837726
28.430773328713077
30.546113442216782
33.54918922656188
45.191492724980485
0.2728567586277819
44.05619778693031
37.15663508329585
18.208272250682256
15.729368570895897
49.87482522040377
28.10176435840372
25.806026566193857
4.166816453968653
18.383522894430676
27.283378212768696
33.08574838809186
47.59096643276294
38.50018681927481
20.953718951399875
36.48605560805836
6.04510594128641
48.00235903944498
32.77293382711286
5.991054918857647
0.05242422500548738
1.0292777682583243
36.502257747378856
35.563801488861465
2.8545319617784894
31.44657091489152
36.20891026170142
11.993600976935642
35.3043738433256
20.589965994447763
15.050941366916254
33.1697893944239
23.408159891352547
4.453214522037885
44.18421067411946
21.68338097567818
36.37579562544035
18.306790837671144
45.28017280340966
15.89583160276556
37.22209945611613
32.85862399673268
19.04604117361035
41.52828038937025
5.930468201328326
23.48298087941614
12.740949188797385
14.830019417564555
41.25317574907961
18.926906520250526
33.54511890938157
46.539487828235096
16.356793851715
8.496121107892963
46.40471957317262
18.46280996383907
8.606676736100505
23.570633696582355
42.93419655439915
35.69380430266776
32.32712506570132
0.12357896483239372
16.703028294948975
0.4785470903479083
39.78391057688633
32.58624150615842
32.259314452601934
38.64610764124281
33.087914902430626
23.698877888756343
47.19721861478584
38.936611946937866
21.37158994191786
16.474934086201305
13.496033129771334
8.352455512305523
24.005887934952863
18.39640885077959
35.92650003408283
39.032170320657016
40.41964585536153
26.109414230181432
37.38117276616418
11.150297044607532
36.15008629106512
45.617019309006594
30.92024217993955
46.94642031071385
7.4544270157658685
11.516076152796911
9.098612620028984
18.39261441008703
5.990357328046326
39.500655343828264
48.206508449598665
41.5463405123147
20.66398045440158
25.393641433117203
38.50759243485501
0.4157363306782458
32.780655233653285
11.837660494256797
19.981834433426553
34.84686302104096
43.080582366176095
20.194419655818123
27.042757045496096
3.838376005192373
48.0773980324119
25.03187047525354
9.887035919020876
20.056040266593605
15.384394340240986
18.43694158136048
5.2054364758522045
38.40913822367913
45.04387478479905
6.081145454927533
3.052852701055242
30.69797251378535
15.079414994055412
28.058656619884953
30.948186331992396
40.91234038688956
24.884101364056328
0.759380947008742
25.046047540733873
17.619282780923456
28.671662806315563
15.516822713691564
38.43755892863769
13.949856775123093
4.760451504422846
2.732953729084647
4.509861397767318
9.26846568417759
9.162118607221858
48.84444488674172
22.591972013400802
37.0310283969393
44.01601901607451
46.75368192472589
14.732186879754138
17.693467650826772
17.49531021384344
26.645529251571276
41.98017577991089
33.701840023304484
20.16386359251014
47.320025607985784
20.50253434897077
26.166645562693525
14.33819190667036
13.846890443121657
16.533004219667756
30.497224276204154
39.141283755604164
18.35199666964841
39.605886020138
47.43399716229897
33.69850325011726
0.1775967937876599
25.183340117551207
43.14849698764496
23.48086726160124
2.898511240971724
46.0163588512396
13.818195668178673
5.8928999460754525
20.872654428502436
12.384024338585963
41.806439844189676
40.437632258582525
8.787303124328139
36.39395818672052
21.87072259069323
21.619362660040863
17.102380091212044
6.024811546750569
35.712054794613756
19.860548070128246
38.863412049973824
44.96385200549088
0.02467245328647838
28.553004032004832
41.67817040830158
30.671662022837115
1.1044052905344548
12.493416583417272
14.653493177951054
26.676185765594816
33.681232874430094
19.528535736686734
4.992884141454345
47.958368245758464
4.408427014604238
45.40823983887402
28.938647348754547
32.904434633271556
31.299466571729837
48.76942825211231
29.358685936490776
47.529741777904356
2.775859351492133
15.323077407489732
6.807286561818654
47.19869283605545
12.642896168236106
18.636285982783914
16.26272130947936
20.29705015131298
35.94224849479805
42.525610939021334
17.877698429278276
30.860611162062607
0.6972122816853277
20.506562408897484
17.17797111827501
42.70581286634613
19.31900982866019
48.98898987585756
24.169840363199008
36.20190739210752
6.75961015121434
9.1171995480899
6.134936568460714
20.93189052830026
38.40604534137336
42.18780627391873
9.660254598866725
48.37694952123945
24.638321563005654
43.35690478143571
30.872801222262552
31.6784881712478
31.64907011421802
28.883261850065605
6.646787271305731
17.596433017249296
43.13360109455728
25.488896671314365
22.19303250127033
3.730149495935592
13.284109891034095
17.614106458081768
48.58020585273253
40.37621095283298
20.237561856417212
7.280938350512178
48.65628709515833
26.154560277783816
44.910939783846366
40.37050897649198
20.0123170671594
13.710908526665854
44.949017210093764
12.586247912399518
28.12707119222416
25.284714943667865
25.527748508045896
42.72128931454973
19.348008843737464
8.53307359459598
0.30903249423748225
14.743795771116314
16.396731895779133
39.91560795319222
35.68484805366685
7.814549794296361
10.557892004525488
46.79582043278213
44.03539521842072
23.691035130813496
8.674220189848109
24.816799077269824
46.31382743506803
31.839052249696877
12.830417981830072
40.11158345160108
5.055576135357493
30.78719640965297
16.795516449838395
48.037209899860905
3.897156839434163
7.16207155880384
48.49153015121546
3.8432998592633663
2.4740947966923277
8.459977295896321
12.53350592661443
6.233339328702936
18.37785678905683
11.63188560646634
16.820220662959308
11.295057754123278
36.14575957438556
16.98777211711546
17.806107748832883
0.02796949034987728
42.08388606458405
19.184900340869344
28.292393660815396
44.090337327661366
29.44275507098533
44.25345091518913
17.077843262571456
32.40521875918662
33.00875628442022
12.460434923332825
30.930277608757116
29.622841511052794
40.16049775777939
48.47643567287188
41.718286343309224
45.285359464045726
10.803098716513915
22.899720734671003
20.34641974400047
11.438367610262157
41.34248550681555
17.86433823442561
28.016216482461363
9.404321127250597
34.65524933836222
48.16971412537345
15.866549153026316
21.64794250717619
10.430761749390943
8.320477593156482
32.76767971703546
5.421961701149142
48.15152956290846
14.470080267369589
42.908795273864385
47.53105149142504
18.55060093848496
41.817037079674314
34.35228896328166
35.23427358431024
[Y]:
33.446985507055835
28.641323839641384
26.675121869070523
19.105877494394633
35.63158010394188
21.5565049662367
45.64988351473681
16.845328205195024
16.28841620701919
40.807001138150206
31.55251095383612
25.267512069931893
36.830725887564924
37.85415483082123
32.22765523028215
54.120755238355976
15.938975038120157
39.827672658397674
20.898692441512345
50.8310751090232
20.812738194634576
25.134946961715816
40.29670244459216
14.228444304974182
37.81543846904518
39.37310947000475
26.77128277770253
19.28392376416101
29.13945977685429
45.2681278952063
58.45833910684955
36.5489517414313
29.62337963966343
4.706638881208942
22.38825762100872
36.35825320830838
21.648489899890944
27.151806733468874
16.82063240374472
39.41236866074098
27.922235492751348
51.77262866023555
34.459475991918325
4.718334341844541
22.988797179287403
19.79796622356735
9.124696730173897
31.81822383498811
32.69672943985595
37.28995176428246
15.128981637237647
42.92389344055001
23.401375715081585
37.093140710194476
33.19958115749161
17.790621256175992
39.22769737786702
33.33529794129919
52.27386475837758
53.51642693404995
20.79567305179509
41.0947724207748
40.81325265328899
34.70102261797937
38.42861779693211
30.850765989178292
47.84841163929519
45.42708233223494
45.579627741386545
26.58483769513017
22.814557238715174
31.76601283374752
27.480708750964354
9.620320050415653
57.10405481949514
24.680883367498716
38.585683693982965
48.14630712967555
43.42452645123484
36.233607705593926
25.86768691884273
23.94479302710232
34.11858324651163
44.37981798736956
46.119906991911066
23.36895627473623
64.38423353723218
34.7357645426593
13.59250887814779
17.52439397269463
1.503538061535155
18.123246556203
7.762475227163015
21.430669017437634
8.560562389593684
34.464473285415494
42.59532326064832
11.659471652367756
50.62867730111994
22.683072278755837
40.899151705717465
30.494472494511605
23.04380631997324
20.394375381123226
52.66639440010832
23.78878198980952
18.322109382741196
52.2118111917437
25.843942883990508
44.685197129301116
22.633251411576104
56.888702734781134
31.011778163179976
38.05739535840342
39.31997394505704
23.418746319455334
50.70861050023312
21.062072173690837
37.28743678935827
18.982762667759694
16.030420400177398
57.466976808275035
21.979179214769637
39.59206091049555
13.103215417215782
52.662758547161985
30.790269707238654
64.36005323025351
25.525197403676138
40.20289695691562
50.47103465657369
21.967674733950215
48.75133302324286
37.39446116462394
43.75668802512045
51.25091079512204
19.086671145302585
58.3791935057792
50.446189781229414
50.51093882704774
40.25594302350919
30.925833703790158
27.79924412841396
28.660154158764456
27.665250423381767
12.862418379670732
9.936433362386339
52.09649329742394
2.815335918678188
30.124735450779028
45.4585147667917
20.051613075044227
56.641251421294854
55.85554952366483
12.500141426408451
46.416115401861234
22.816078751519743
43.02329177000446
28.36328188670324
49.80931554983872
54.62082007181259
10.271038652908551
44.009476951777955
43.03054925075575
32.51537111671452
28.976688121844596
58.399929423339486
38.80417464753943
32.37911169100988
22.929290160150746
18.28873018240388
32.40105848986504
50.263998583923836
57.21623630317087
48.16275486232341
33.24271356994411
45.91414687787454
18.953182072133856
57.15059975483064
36.46987875406665
14.545637208407294
20.098116942792032
16.618386188178913
53.33885700728213
49.00712721978394
7.799757497849448
50.09640854110573
50.8953947984021
22.127378132447827
35.696945508179645
34.22300559174941
27.058433955200712
32.90403971545998
38.93882957073405
17.084589900456116
61.56028432441088
30.412290236962043
42.32779373868579
26.50157932404758
56.00830182546105
27.38294527311102
46.57658634112654
38.72644937849483
17.577326950603382
55.68282791330405
15.362888951339041
38.13438867128315
11.466854269917647
33.83384251044926
44.97387627254486
33.162141959325965
32.80594638456782
46.244437988952264
17.772343727021973
24.210324982558223
54.84094444647738
20.1036481222877
21.69448568182061
23.393019798694457
47.794464680394654
32.56031376675505
33.45331150267186
11.444358321554903
35.08366060574117
16.558618472413606
43.21564772321684
32.81473651037512
31.212832479112077
46.550524024678346
49.39416865812059
24.38021936035918
62.52843189359435
51.606766737698635
19.234430947726075
17.006890149351513
16.069438865980807
26.260475418299865
25.528308190644182
18.736217437471968
42.359317600818095
47.76976022485927
47.71081852303113
33.523940377306836
34.514835278255894
17.009505649811857
38.201646288561484
41.49120727246
43.52025415869201
62.30271341992956
21.0933508278735
29.54362388909618
19.9577785055859
29.630049799700345
23.698697158112516
53.857965372316265
54.28310496349049
55.263192129599986
39.520297337956656
30.26440549382463
43.81052097280492
10.399630267753968
36.47682801995303
12.397454022247386
36.726916447308795
52.72078154228616
55.77223000936711
19.91853726765258
38.28695796027664
20.89013417883583
49.808006644481715
24.272243005144457
12.821341376305394
39.40904106328354
16.897184166695357
31.413503831262723
14.274470504056463
53.31148985853611
44.89838624985982
5.908920803788848
24.106172254299015
31.987074205947486
18.36626233254461
30.047579795791197
46.16074326166398
38.56466592561688
43.75429605099999
4.606451901494474
40.848818349531314
25.011042284266523
35.39407420147349
24.426497906820025
39.82448176802273
28.68279718871127
6.027965931396831
9.433896665841258
18.007351877320737
21.854205840735915
13.040695584394413
46.57533976419195
36.46070090316121
53.814750591886536
40.48619690317519
58.20623982335378
26.335665022400743
20.28301982928477
26.643026551310776
44.46780136105531
42.57694703981454
45.15191242901233
22.5063761767998
46.94692199072788
38.50321605436079
23.549981006424172
30.775858384520085
20.744109391536767
16.18737348076318
29.191061426000008
49.61152189372797
37.87540182603287
53.516783086640956
43.99826712913128
32.94399229122994
8.005855212782105
39.22882209125065
41.884876549358935
23.312230007211454
12.198237792664031
50.568410747551056
29.8719718755235
12.277848261132984
39.708103914647424
25.965878312765653
40.67702512024918
57.3165839617195
13.5751414384982
53.241387402689625
24.914329063872717
37.328912062553535
26.28938944094252
25.473265532362607
44.34576635706627
22.233392206656095
37.59241021110085
49.18526469202314
15.278351510350184
40.51796003684264
51.894719881155645
35.88640381328068
22.352569584830306
24.75666165005163
31.05962952867271
37.95704380836549
32.49255905875742
22.80636089526687
20.185631924055333
54.93155856874244
18.787840721182103
59.17479141785744
44.35215817674992
50.972595993293695
33.40019864680566
52.17439341962836
47.34553227183693
59.776473479922544
9.908401620362064
17.2778888215733
22.690373891091348
55.11963048871785
25.762973065096716
24.618675482878732
18.995348122072098
20.882684502306084
50.655399208189074
48.73440730961682
25.67950626213993
34.31289846116736
19.37075651074169
30.224933315567554
20.25496284434225
51.9478183046876
37.87393388043533
54.98733824712349
26.547645164773847
39.99184485691592
24.8269145933178
18.666837057778526
16.418690270466325
29.735948834321917
43.71912858867144
58.019960786813954
13.92490787122886
44.84692425217771
23.046269195413224
42.50833345812468
28.221410994390364
41.58733618474504
33.27895194069096
36.45629312955666
14.699906431256505
35.45183496145739
47.102148977828826
35.58081394045088
40.89644418013853
17.305611165672186
14.57103826805509
32.85240169208221
64.64490019645451
36.33858985754968
30.418722712689377
25.73199986703992
59.046804688034854
23.539104250005433
51.31709316431342
41.56413681109159
37.19024071202242
15.826936828831807
46.99246390439539
12.199402909867702
34.903941748791226
35.83294027992309
22.974973657241307
41.06449974921916
27.002785635153195
15.089894439155525
15.098385652852022
28.961452390751106
18.680067755387824
35.924047157873
50.423738811170985
16.622672490656203
16.476341113738016
53.44937564270967
47.04198390059779
25.24494066691875
13.90925669182024
36.283595788872994
52.5796920504129
37.8088348061626
12.4191559723552
46.56178257093859
14.139596197611223
47.32352201462071
19.03897385404116
62.41264426145378
16.1482480917587
27.80446922627275
61.51386280461067
23.94579490797819
10.072703415396306
12.408768404201428
17.818503749263996
23.91738095870347
30.924437623835367
14.82759598936038
34.317353948242335
24.114028598041102
41.24898150402835
23.57090289813119
20.384395917490266
11.358309794520638
59.66999217582901
27.72776777128003
45.94997932937502
60.1681286295364
37.83161681709255
48.98179360510562
24.523746717749724
37.01071498164117
48.451146113203095
30.829436676932573
46.14462541075223
41.04492387363173
38.32389745377179
62.80794745716365
45.82836570170558
46.423392144244026
30.209613879503685
35.865894963596254
34.87559375505498
15.961099475838816
46.79781463192347
30.46227092466727
26.086374622923362
15.438127324190614
39.90752229160734
59.04477890958253
27.79248096269977
24.71382698870738
22.0284925107198
15.334447932214045
37.33692984370513
8.802774580220834
58.592522909009965
25.663879176900583
47.771603527913356
43.2138362366366
31.51579725267475
53.76325946280737
38.327188270972634
38.68508453554429
