[X]:
18.748176412233253
70.81407609147551
78.24165289965265
15.621454917924504
23.186675665442035
99.63932204664067
0.15376820178817363
30.51682964631822
8.183712319691306
37.061857101104486
47.62679390837597
82.07459199445216
11.763236654216646
2.1484407845324793
28.120997030135708
76.20467579725346
23.329369344279282
92.4756223729924
1.8030904595752406
7.006362780492026
65.99049289338298
5.7541729966215875
62.12091654072409
44.96232450753267
2.6478365183444708
8.14251384864868
86.85171217194369
91.27085788899983
95.54891030542613
34.39111902993336
36.575688261168395
85.94970551323607
98.81517798055779
32.022310363401644
69.91957378319714
81.56704670858696
93.28300247896325
75.22515922830372
33.96415749203794
90.04261333359581
68.26743439225447
56.25611883224496
33.63722822663725
74.63149458620059
57.52959753754142
3.887625577274345
68.0836459887608
42.03689709779557
85.24873279334649
71.16761482576808
72.75821337573457
82.0883440002576
27.374766288157836
43.1188811634567
27.984125815649495
47.16979484573075
97.25745368673724
46.22055262647975
41.86898831225867
7.776396503271165
75.12074796891106
9.409127720571341
82.15558614232285
76.59994083384264
6.5398072227571
3.375362384638081
22.143838023592544
60.02796741726446
6.68646872955887
90.05398173179144
35.84408778826942
42.78711631833333
9.212988733868944
25.649351897412963
19.078486909937077
31.816884515818156
25.845842874633796
29.612952217574705
12.938515899119995
7.224029774842899
34.79103144882194
74.68816006571349
83.978921666602
70.66109476229879
81.06967093526607
97.7805253429315
31.817669195840026
32.369434018368736
81.82603283660397
52.979342999042025
97.161528725454
1.578665834913895
44.037783999753685
38.71073622292308
31.054538677419142
9.146810225303337
10.414412390520233
47.92759922644405
21.76121274484576
91.58771123985471
[Y]:
42.590862537899895
79.86059457342846
95.69910148222328
23.21299720756747
61.40576827382609
97.52140794034982
27.163564831561526
44.90074245584909
41.364752847339425
58.63728526352995
65.96627891830394
76.48247216113135
26.71483907989547
35.06122867698834
42.74449310128483
75.5584465271932
23.17588188162169
97.17653675502332
36.05808306758903
13.715854706461968
74.64758990643703
13.896553584040774
65.49840256244116
59.209357514004296
31.58767578823253
7.7641523581378795
110.85828303130437
113.5278444935927
93.40414747890267
53.618281633351515
49.04604552615204
107.43113767234311
124.67663151953553
36.23020753108062
71.20952439760471
112.64043252959434
122.74890282857892
100.83027527638248
69.36194234034613
111.98653449937501
76.26094736106731
68.93788251189129
47.709101178136216
70.219574388059
80.10948091680166
17.447339638877065
71.30074896002827
60.93537178878158
79.33919888013625
95.8708156310382
109.07138147356784
85.21264685343759
61.2520407850837
78.03708353897709
63.108134042888395
45.93993451599022
114.12099187366161
49.88040535655905
77.34806986725292
12.229435585192856
72.83935190426877
16.314233046887416
87.01672435871258
95.96512020041055
42.06468773186897
16.550412871150357
37.36504999539598
93.69115106175815
40.01723361622023
90.2022713400477
55.797733304562115
64.22590845338996
40.983431937037096
46.18658110843724
42.016362197125204
32.55820511342294
61.619569290328336
31.010555939357907
51.746534589782186
49.2188364440572
66.6190097466192
99.47519624134313
114.81111999180786
80.59469116587753
79.06516236269641
88.4383627029924
60.891754458457
60.08067311567064
104.15572215772828
63.37344489588425
101.82974236659282
18.856395025585197
78.42820619729031
71.01852383201836
39.28222206288298
30.462513814830437
17.65487914419549
54.46797655700539
30.918228723566934
112.94123272065394
