[X]:
90
42
82
53
36
39
25
59
47
31
76
9
13
23
43
37
63
89
67
100
2
30
93
17
18
22
70
3
12
97
0
75
3
26
52
76
4
43
26
49
29
56
86
58
86
59
92
79
99
14
4
64
81
77
54
6
42
49
89
60
33
11
46
28
45
55
57
61
68
95
38
10
91
22
66
86
2
89
60
8
72
84
81
30
55
46
59
74
27
37
15
53
87
66
68
27
47
96
69
49
23
82
73
6
97
2
99
76
61
72
7
22
78
22
70
64
90
76
27
77
41
35
75
55
47
88
0
90
94
42
58
18
44
3
77
69
30
8
46
65
63
59
29
64
72
69
33
59
97
19
98
0
30
40
1
94
66
97
86
20
100
72
7
84
85
46
87
62
75
12
86
68
94
85
3
90
63
54
47
60
28
86
84
84
9
37
17
23
53
16
10
94
90
82
82
91
71
9
71
52
0
7
45
18
5
15
77
59
4
15
59
72
42
92
62
26
76
1
73
88
62
25
21
26
11
35
41
5
92
3
59
70
66
76
100
36
90
14
28
7
49
42
85
85
2
8
92
86
91
95
33
44
47
69
79
89
9
50
58
25
67
42
49
44
51
78
78
2
55
88
58
43
74
54
88
45
83
15
2
24
35
82
22
89
50
9
83
23
44
98
70
14
34
10
45
98
50
25
30
64
61
9
31
24
59
45
69
45
54
85
10
8
83
35
86
51
77
98
34
2
17
81
37
69
85
30
27
13
98
8
35
31
86
88
27
71
13
10
35
72
17
1
31
53
93
98
30
44
59
87
79
84
12
86
53
85
57
10
73
51
61
74
67
97
22
94
78
36
68
73
39
26
22
86
41
70
68
77
57
42
38
31
37
37
30
40
7
15
83
100
43
16
48
12
87
57
55
99
11
5
42
53
89
7
98
42
20
54
27
20
78
5
62
47
95
9
17
67
46
51
80
85
52
63
58
10
70
51
97
84
44
40
36
66
52
13
64
16
70
87
23
81
41
31
32
0
26
3
48
95
12
11
21
33
43
81
82
21
50
59
93
53
91
88
69
30
10
92
97
49
13
2
32
89
6
35
95
28
100
64
43
100
13
32
4
98
81
0
88
33
80
47
4
54
70
28
19
26
75
100
49
87
26
13
6
63
3
31
2
93
51
97
37
74
21
74
91
20
19
2
38
65
11
7
71
16
82
33
42
58
77
61
56
44
98
58
28
8
31
24
27
68
41
20
52
16
85
48
38
8
74
65
95
95
68
68
67
50
69
6
7
67
85
83
63
36
23
13
39
13
89
6
32
64
59
70
28
60
28
39
61
19
53
68
82
97
28
68
79
48
41
39
48
100
78
26
92
20
93
84
52
66
71
56
55
3
24
84
33
85
34
76
36
40
3
25
79
36
86
83
81
69
64
60
16
58
38
70
10
82
88
18
40
8
50
0
18
81
35
24
92
61
96
34
68
68
58
44
25
76
47
29
16
71
0
62
73
64
34
43
46
38
95
99
26
74
48
29
36
85
33
63
25
5
49
37
38
19
75
16
79
98
20
75
10
71
78
64
24
67
79
71
47
89
48
68
53
46
10
30
76
52
81
51
84
88
16
59
100
63
63
57
97
87
51
36
40
56
51
11
93
92
80
97
48
7
97
89
46
44
57
24
37
52
43
37
97
77
25
83
31
36
1
76
82
3
30
48
25
29
66
70
74
98
2
66
13
2
4
10
86
45
31
96
70
90
12
74
79
6
77
71
13
52
21
44
72
81
64
48
81
84
75
53
75
40
80
24
70
49
56
44
0
53
79
57
2
31
66
89
37
97
100
44
39
10
81
40
76
12
2
19
53
8
57
33
28
67
0
56
12
14
85
61
61
57
80
98
52
42
12
74
20
14
8
41
96
48
35
28
91
33
24
84
92
35
27
97
44
93
40
75
54
32
22
79
99
37
79
72
29
5
81
77
27
36
79
99
58
87
14
60
40
85
77
10
52
49
27
60
68
39
21
6
54
97
100
67
52
3
58
64
69
16
51
31
92
76
3
1
30
35
97
88
62
99
26
3
67
64
89
21
60
25
9
57
52
16
73
80
40
62
19
49
54
85
94
23
89
49
50
21
93
73
3
69
67
94
42
90
45
33
33
25
51
0
29
62
52
76
24
2
86
26
17
96
43
43
98
6
40
0
50
68
35
69
47
51
14
57
100
8
23
54
42
17
1
35
96
24
98
81
55
95
100
64
89
26
10
50
47
36
81
96
6
99
50
96
69
77
[Y]:
71.6
72.4
50.8
76.6
49.599999999999994
79.4
23.0
81.80000000000001
95.4
95.4
101.6
8.6
11.0
28.2
28.200000000000003
71.0
44.199999999999996
82.2
99.4
101.6
78.80000000000001
77.2
95.8
67.0
77.2
82.0
110.8
79.4
76.80000000000001
118.19999999999999
39.2
81.0
76.2
93.2
79.2
113.6
38.4
46.6
40.4
79.0
45.4
35.2
81.2
78.8
111.6
75.4
111.19999999999999
61.0
85.0
71.60000000000001
81.60000000000001
79.2
62.2
73.4
109.20000000000002
38.0
103.60000000000001
84.6
83.8
54.400000000000006
73.4
41.0
106.8
51.2
67.0
97.8
105.4
74.2
56.0
121.8
70.0
71.60000000000001
67.4
78.0
77.2
104.4
47.60000000000001
99.0
79.2
48.8
71.19999999999999
83.2
51.800000000000004
42.8
89.0
80.4
110.6
84.4
42.6
73.4
18.6
82.2
121.0
75.6
79.2
58.60000000000001
98.60000000000001
119.19999999999999
71.0
57.4
27.4
70.8
49.4
66.0
116.6
54.800000000000004
130.6
70.4
43.800000000000004
54.4
6.6000000000000005
45.2
54.0
74.0
65.2
107.19999999999999
93.2
48.800000000000004
76.2
95.8
61.400000000000006
73.80000000000001
109.0
72.2
42.6
88.0
35.2
78.8
101.2
65.2
106.8
44.4
88.0
49.0
60.599999999999994
79.80000000000001
53.2
32.0
90.8
68.6
61.0
48.2
32.6
41.6
77.6
101.4
47.8
65.0
81.4
32.2
101.2
51.2
34.0
29.6
25.400000000000002
88.4
105.20000000000002
63.0
105.2
35.2
80.0
82.4
10.600000000000001
129.6
103.80000000000001
74.0
125.80000000000001
98.8
48.2
48.0
119.6
76.8
73.2
131.0
37.0
91.6
89.8
63.6
91.4
80.80000000000001
47.2
51.6
53.6
114.4
82.20000000000002
67.8
31.0
75.4
51.0
43.2
11.600000000000001
99.6
83.6
85.19999999999999
70.0
61.0
97.0
59.0
88.2
44.0
68.0
81.80000000000001
46.2
68.4
20.6
25.8
61.4
99.4
24.0
69.80000000000001
106.6
106.4
45.2
71.19999999999999
59.599999999999994
54.00000000000001
55.2
80.6
105.4
132.0
46.0
65.4
64.6
82.8
83.4
65.0
58.2
7.0
122.4
33.0
53.0
103.6
42.0
65.6
66.4
47.2
57.2
68.4
71.2
67.4
42.2
47.6
63.0
115.0
66.80000000000001
24.000000000000004
59.199999999999996
64.4
129.8
84.2
87.0
91.19999999999999
33.0
97.4
125.0
93.4
39.0
43.6
51.599999999999994
23.0
93.8
49.2
37.4
103.20000000000002
108.2
92.4
124.4
58.800000000000004
57.8
68.8
95.6
43.400000000000006
118.0
46.0
122.4
60.6
62.599999999999994
11.4
2.8
48.0
89.0
112.4
24.4
71.0
42.8
45.4
78.6
82.6
38.4
66.8
58.0
58.0
50.0
41.2
40.6
104.4
50.0
94.2
79.6
94.4
100.6
47.800000000000004
29.799999999999997
76.80000000000001
54.6
57.400000000000006
73.4
74.2
90.0
125.4
58.0
27.200000000000003
76.2
65.0
121.20000000000002
71.4
88.6
110.0
93.19999999999999
68.4
62.2
108.6
54.2
99.80000000000001
66.2
67.6
55.400000000000006
35.0
94.0
26.400000000000002
24.2
34.599999999999994
93.2
110.4
71.4
67.4
67.0
85.2
22.6
58.4
81.4
32.6
69.8
35.0
131.0
102.8
42.0
80.80000000000001
41.0
74.6
92.2
108.80000000000001
64.0
121.20000000000002
32.599999999999994
91.80000000000001
87.8
17.200000000000003
62.2
93.0
54.2
100.4
76.19999999999999
70.19999999999999
22.0
133.20000000000002
62.0
94.39999999999999
81.6
44.599999999999994
103.4
62.00000000000001
87.60000000000001
70.80000000000001
37.4
70.8
60.8
71.8
75.8
31.6
102.8
95.4
47.8
40.6
19.6
27.2
73.0
69.80000000000001
53.0
124.0
68.2
88.8
44.8
14.399999999999999
109.8
99.80000000000001
97.8
132.2
78.6
71.8
53.2
43.8
84.6
8.2
86.8
94.80000000000001
20.0
94.80000000000001
17.0
32.0
114.8
82.2
69.19999999999999
101.80000000000001
128.2
67.80000000000001
83.80000000000001
65.0
101.2
97.0
107.2
122.2
44.0
117.0
84.4
78.8
46.0
45.0
135.8
60.8
31.2
53.6
83.2
62.0
41.6
63.0
68.0
88.8
106.8
73.0
89.8
114.20000000000002
42.2
74.6
53.599999999999994
76.80000000000001
24.4
36.199999999999996
89.6
104.2
22.4
65.0
18.2
36.6
74.60000000000001
84.6
58.0
74.2
82.80000000000001
61.8
75.0
50.2
125.0
88.0
85.4
42.8
50.0
128.0
100.6
78.2
81.4
29.2
38.400000000000006
126.19999999999999
13.200000000000001
91.4
110.6
30.400000000000002
72.0
40.8
72.2
60.0
62.2
30.4
76.80000000000001
134.8
82.2
4.0
89.6
25.400000000000002
64.8
87.4
24.0
36.4
45.2
75.2
70.60000000000001
38.0
100.2
61.6
82.2
85.8
69.2
71.8
7.6
103.4
19.400000000000002
97.8
30.8
92.6
92.2
91.8
67.8
74.0
38.2
45.199999999999996
69.0
23.200000000000003
42.6
14.8
47.6
97.4
84.2
65.0
58.6
42.400000000000006
73.19999999999999
82.2
103.60000000000001
92.4
74.19999999999999
42.2
52.0
43.2
112.4
38.0
88.0
10.4
85.0
93.6
94.60000000000001
44.8
79.8
36.8
101.60000000000001
32.800000000000004
131.0
104.0
91.6
43.2
94.0
116.60000000000001
106.6
116.2
69.6
72.0
40.199999999999996
70.80000000000001
101.4
48.400000000000006
62.60000000000001
88.19999999999999
71.0
120.2
94.6
44.0
23.4
30.200000000000003
92.19999999999999
87.0
111.80000000000001
34.0
81.60000000000001
116.0
83.4
110.0
84.0
75.2
91.2
43.4
61.400000000000006
34.6
36.599999999999994
99.2
71.6
98.19999999999999
83.2
94.4
73.8
71.2
26.2
98.6
64.8
98.4
118.8
85.2
93.6
48.0
128.6
69.6
106.4
85.2
96.2
89.6
34.6
14.600000000000001
59.2
123.19999999999999
96.60000000000001
87.0
70.80000000000001
109.6
83.2
66.4
65.8
41.400000000000006
91.4
38.4
70.80000000000001
118.6
127.0
114.19999999999999
104.0
100.8
34.4
55.599999999999994
50.0
116.4
76.4
62.8
80.8
11.6
64.0
30.400000000000002
71.6
17.6
36.4
59.0
77.0
66.4
73.6
116.6
70.39999999999999
51.6
55.199999999999996
73.6
34.8
67.2
16.6
48.0
29.8
68.6
63.2
117.0
56.0
42.8
84.6
48.0
77.2
41.0
75.6
102.0
119.4
72.2
82.8
124.4
44.0
83.0
70.4
87.0
62.2
48.199999999999996
72.6
54.2
39.0
80.60000000000001
33.2
76.2
99.4
72.0
85.80000000000001
114.8
28.8
65.8
79.60000000000001
85.0
102.0
100.80000000000001
80.80000000000001
59.4
120.19999999999999
58.6
104.2
129.4
53.599999999999994
91.2
85.4
78.8
44.400000000000006
27.6
107.2
88.8
118.20000000000002
93.0
69.6
70.4
76.0
101.0
106.4
82.6
113.8
34.199999999999996
95.8
60.199999999999996
61.0
94.39999999999999
24.0
74.4
101.0
75.39999999999999
131.8
113.6
73.6
71.8
43.199999999999996
5.0
82.19999999999999
131.0
98.0
68.0
66.19999999999999
62.4
62.2
94.4
96.2
35.0
135.8
66.19999999999999
93.4
123.4
39.4
56.8
50.2
124.80000000000001
103.6
43.4
22.0
83.2
23.0
83.80000000000001
118.80000000000001
75.6
78.0
102.8
72.4
49.2
72.6
3.6000000000000005
28.0
18.0
67.6
72.6
86.6
88.0
117.2
70.8
58.400000000000006
60.4
93.0
82.8
114.19999999999999
99.4
84.60000000000001
43.2
18.2
49.6
87.19999999999999
118.20000000000002
92.80000000000001
41.599999999999994
54.2
109.6
122.60000000000001
44.599999999999994
85.80000000000001
28.8
81.6
52.0
57.2
99.0
39.2
70.4
0.8
107.0
125.0
89.4
75.60000000000001
21.0
91.6
83.0
64.60000000000001
113.4
69.6
52.0
34.6
6.0
111.0
86.4
48.0
14.399999999999999
16.400000000000002
77.80000000000001
65.4
69.6
114.19999999999999
67.0
29.6
89.8
27.200000000000003
64.80000000000001
23.2
56.4
51.8
42.2
79.80000000000001
64.6
86.4
72.4
48.8
42.0
69.60000000000001
50.0
84.0
80.4
48.8
91.0
58.39999999999999
64.0
78.6
84.8
128.20000000000002
78.2
18.4
110.4
74.4
77.80000000000001
25.8
107.8
80.0
135.0
90.4
49.0
48.4
65.60000000000001
44.400000000000006
111.4
68.2
58.2
74.6
53.599999999999994
55.800000000000004
68.60000000000001
123.80000000000001
78.19999999999999
41.8
100.0
82.6
139.4
44.4
106.6
66.0
83.2
38.4
90.2
114.19999999999999
58.0
85.60000000000001
37.4
44.2
88.80000000000001
60.0
77.0
81.39999999999999
29.200000000000003
70.80000000000001
95.8
102.4
57.8
83.2
66.6
66.0
82.4
114.19999999999999
11.2
60.2
53.0
119.19999999999999
51.2
29.8
2.2
96.4
67.4
60.599999999999994
84.8
107.6
108.2
89.2
25.8
46.599999999999994
49.6
87.8
32.6
58.400000000000006
51.0
60.6
41.4
40.8
62.400000000000006
115.8
116.8
101.60000000000001
106.0
17.8
75.80000000000001
53.2
89.4
122.0
65.0
92.6
97.4
79.6
79.0
65.4
69.4
13.8
100.6
109.80000000000001
97.2
26.8
58.0
45.400000000000006
90.2
20.6
74.2
85.8
52.800000000000004
64.6
62.8
90.4
74.4
36.0
27.6
130.8
65.2
51.8
77.6
45.0
39.400000000000006
117.2
24.4
63.2
57.6
77.2
58.4
96.2
78.2
71.4
49.0
58.800000000000004
84.6
80.0
66.4
76.2
86.0
48.400000000000006
80.60000000000001
7.8
41.0
59.199999999999996
83.19999999999999
119.6
59.0
45.8
133.0
73.6
54.4
94.2
62.00000000000001
61.2
103.60000000000001
55.400000000000006
85.6
87.80000000000001
59.199999999999996
53.2
115.4
110.0
76.0
52.6
101.4
