[X]:
18.19388003855672
45.22654726342483
4.7881490220551886
21.981225926882896
34.27347138304087
30.45066576293584
43.55397164821232
28.885632744952723
11.917050327478329
20.05543536433842
10.702265223398843
19.921190710021275
42.5259545286716
35.35258552676173
4.242768141633996
34.30783651391403
26.607245816732906
43.53916868159831
49.65162127852991
25.26698077397807
34.26336089306757
22.51374404086219
39.0576023841021
44.58667648572627
14.548499051892943
15.49390348754579
36.66557834721239
4.169968945403385
46.374944916388834
18.506666763412554
18.00800960042308
42.95914430256598
44.43470920079029
17.106294851556804
18.335947426024834
21.55393569061987
44.886417923811976
11.446388131670021
39.37402575290622
23.641928168313203
17.312413727544957
43.84432226048616
45.087609731076164
31.711445424136965
0.05683805737897729
16.5607846868755
21.571406795634097
4.042907710240373
1.8121973870293684
41.25213570422482
[Y]:
25.964069710490527
49.42169042416369
12.591242112576948
21.090773017256808
39.12803223746406
47.02064443257529
51.839381419659034
37.766096618017265
12.468904872146766
23.71646045450745
16.17038711636997
23.595640265622023
40.88869844192884
36.176225917626226
12.100399320197875
38.28718106654178
28.30542017860029
49.6466092779361
59.50671555871521
44.09888751992956
46.52906100050724
24.621268580316645
49.53620865937611
41.871568414569914
20.939667245076862
27.021209969413228
52.17817586407011
24.675686979858277
49.58346852312316
31.04036660075552
19.258437900859246
45.63746818197446
58.29861384358208
26.728802619606874
25.220150570503698
23.321551170744492
47.37201444109586
29.480904670081976
35.87251307196967
42.636340174831176
22.55541066445554
42.075229400561945
58.45033442648531
32.02742003655581
10.512511716138695
18.827715267374558
19.41426611607069
14.971754192422084
16.015344162010653
39.30637160557268
