[X]:
40.69681768058928
31.720603821889025
18.986857585369183
26.891192534319586
2.9416786145821607
26.105158004468244
25.207237846419638
46.6673474244485
29.535196270371642
13.944397176162804
23.414136553417297
3.2335805012684515
39.92804635789556
29.801633321041876
14.349953724883868
19.98292090237277
8.65930627052694
34.16493005127927
47.02840704095695
9.726983194920397
12.814072160507145
44.64673104583086
45.71534719196211
30.568671645683924
9.793753907469021
39.310651728159684
41.70036171493703
17.10640805813743
34.02657746064505
3.5985998335953173
25.016715874571453
24.405487252897494
5.090439009965903
31.886849705278152
34.50011108816916
13.493443670970823
5.499363088316206
7.515247525316537
40.75091808719897
15.1361559589138
41.24358250979202
28.78431897041706
22.738969179388146
15.847306492559893
42.67457480284879
37.44645044059053
38.79817666375318
21.870734817963378
28.524643048495342
2.095682506486096
46.85303496729089
30.228308746068645
47.84318565754317
20.04412673405997
48.951908619150345
23.09961803219241
2.6830750453910204
8.790140683261754
22.86589024559448
9.137006348720611
31.84137065258481
26.161757345753873
0.13485926475663157
24.667459492359317
9.535914442343612
16.39547589860197
18.032884900744744
33.73362244742521
1.9110171878501392
23.466168061751922
48.945416294655494
11.976921166698284
36.53340933135553
24.022327816217164
35.65276552007515
5.485715698910997
7.72600783653975
47.85368596943178
13.533668224553953
40.49325018222979
30.858849056142702
44.15552413638502
34.793373233456414
27.81857803307739
38.17912575136953
22.579696339045753
0.8709446739830151
44.449973765106535
31.024993245776
49.72793182118589
26.544768106202266
5.461770319251219
30.562586831609163
9.8060656318952
18.999486753565066
6.333021263512495
47.62173739841541
17.150432295567974
24.535046228738764
18.862816085093144
41.28279698061762
48.07724108561014
1.0877463878397275
38.14906283284139
44.05518230894161
30.37387569899285
20.7720910400794
34.509965053480386
18.888467624045063
25.067810558759717
21.511970981833105
14.603644093549883
15.226097873473337
9.955769290542731
44.26478460474777
15.873280491508234
17.38226941683164
34.8841387357608
29.885786847338892
31.184909308662935
26.674918165878157
37.22693288725642
8.12457005297722
16.3445724678295
26.752817919830836
17.446448942468635
20.752710226777776
33.09044226210974
14.461024472033213
46.235155437573475
22.11473062168742
47.49460991819694
24.382429144931834
30.483544480592972
49.2442309839997
4.201069636224952
6.876038998733868
34.71287032065771
18.565097289600395
35.76034677057098
44.795784059644205
48.473519656746426
43.919616374232014
41.7020274027703
2.7683086400709156
35.26459126546178
31.595312897402895
43.54019461980918
5.326874467346015
34.26342646940043
6.941397056870513
3.188226367830249
36.12184531180309
18.635478975327146
22.415008768317602
46.335631676797234
17.5470344551799
28.418640709761515
10.446901746288667
29.59297554659659
49.29407174206985
10.530143640193046
8.37251955944826
0.8974467614141224
14.325862860559052
15.593653809157054
49.99827760544454
6.627871918818168
21.604171699802382
18.817620791886437
39.313640636083015
28.07184435888666
10.712173416905657
24.771211125889725
43.11242559248514
47.498173265452074
31.20789057572043
11.684196053802987
45.82680706728021
2.9691823898079504
1.0122633025748007
22.197278451191938
20.505934604364047
48.31597100633905
49.96987022382988
21.933827360833764
39.903295807412796
27.008958171770054
31.990935906607316
34.02475191259438
33.05313349949778
36.40940820171959
43.103710707080694
1.026480291053039
6.0776325589362745
46.74250325741699
9.279543390694927
1.3696897888166748
31.160519214332062
42.762338663575235
34.841134532736646
38.40455715201711
42.959157332462325
34.012071006446504
39.75073204374973
31.401717287038935
30.47942142140037
39.20790358177593
25.74461880885223
9.706875756558354
15.94500457096647
44.84938815060835
10.961340377709734
29.99039777244849
46.83615401828321
11.330188551185817
18.482316714897706
1.8130552077255335
44.57867032017925
44.79967837588695
7.6199526797494865
0.6560347410676626
15.428651348053679
27.211889882098056
7.192324799614857
37.179274957964545
45.59832692741793
26.936226058847897
11.466462127820126
37.8883356505618
2.2060600849205914
23.861298224909746
34.93001059054856
5.737742036563204
24.122448163859712
44.47032990724504
28.278696999133235
40.45242891607453
47.41553137767367
15.601519883332626
12.551891849523077
6.813971342606773
35.063685465517814
49.94300557909496
38.59433093516165
5.027888892327692
36.08853317304756
5.766742482360415
34.24694373016381
24.916823666654906
1.533735546586823
11.451578317535121
15.75821994210569
39.8681895193734
6.721184026662202
37.65534781179466
42.45118219419034
32.76089934362692
20.939898591106516
40.72443131488194
28.20378817574005
27.457650482019876
4.835743866333441
42.196720326322605
17.729295902451852
47.23079115721663
38.9701851357856
21.101046904184795
9.631832589496614
13.445096818198
19.165910639443258
36.127231458855
21.707870706846904
47.16380706825722
23.72933813327232
37.10782965600025
17.658016289984985
45.5732864363738
22.936520041140046
1.4529671659998689
4.895698206700399
44.55533087046858
30.532605337172352
23.841802358355483
35.24436490654329
32.50890451631378
30.38160214591604
15.692998790125824
23.272043941738534
16.935695939854657
22.139249536092297
12.1946919140128
8.762029381957227
34.54796665695968
38.2768178772652
22.853422590589208
20.4427097371464
5.430373698203262
17.5454436766089
21.49930618272523
6.889084896804748
32.71864407011417
37.45275224746856
5.450047408305069
35.73626639026905
31.147466511927895
17.89329590319204
27.017347754122806
40.16070532566932
28.126527202464285
13.84083541415977
15.507125222253276
30.837867675699226
19.196890671349422
29.694199413477975
45.35601608670505
11.837454277418235
36.98753416231453
46.397089421944735
43.71329634886767
23.305142086048146
27.612146905472528
39.92842597912452
15.733810341995941
23.129828158232012
1.0604616089529006
1.8357460549508098
48.11891210424727
35.42610436834073
24.681019247967278
35.104024552362745
38.892683412848776
42.49303523727983
40.312651978658515
21.370748719594424
45.968082870706226
35.46676563735475
34.20977441968603
35.95051870244958
3.852590714870968
29.144632573788538
40.992970418848806
23.259898252206586
41.05079025617926
1.7753316325416268
9.066297692530533
22.640132535039886
13.643745631319543
49.84527085159367
26.576966038145404
29.749477343270854
34.520788121945635
13.272388613881937
23.71811552557771
25.39458523574317
28.340114766215763
2.4773155971565206
21.966379747721295
42.76985750904224
9.774090092489852
39.114792128018586
28.495080740516375
32.656789789064824
26.7942730438295
30.83647417139793
9.361676765533316
2.8470891057514325
33.79509331565893
11.174505222323344
13.522653430886923
32.12564297816519
10.727208619573847
12.05977418118041
39.19894153254813
2.913440389353056
3.8277133039380185
33.6418818132654
11.742298105665794
37.01406329964054
34.6858824798933
29.15771309274061
10.365275112210954
48.748437259247105
24.842489171717425
18.235371281281214
32.1540042036235
4.8098882666361975
2.6368397169273416
2.2230121321356933
17.04164132129234
20.922455120398638
47.89526480258821
30.302496543586336
36.53390268106455
17.6905107367681
28.272479382339455
3.9947265555458245
0.34923718417277927
19.88925809924224
40.47774081112446
11.347618248030683
11.82821411556006
46.17379198188339
40.242227267246946
22.390509651133623
4.063737943380275
28.103075723823036
3.1592624612060582
26.69491165344115
31.318067066333928
22.32506482352965
37.74578553112485
3.7762163204087598
10.802234689047774
19.411354480544553
32.08005663795552
37.105551832261455
45.0151929706949
4.785520770698009
43.80887570898502
2.163980305608293
37.96512037376104
28.420010025682352
45.78160320872401
41.25108818218371
32.478587091076655
4.7139913150833435
10.209275472620376
2.761230679357385
19.557646506861886
41.7988587634885
33.218508120081744
36.02488204795123
46.0496089242792
13.319978871224064
21.71436092716896
26.978370899562115
30.961125230159357
34.126331773500816
25.831866255776927
46.797686097447205
17.50926701576055
5.333270469851081
16.46002217025735
14.476389010943642
7.79103215135013
5.817332372849671
23.348572690344334
1.271725098686055
28.949578592763437
46.32310530890986
26.208169172084656
45.91175519672033
12.275247278744628
38.02450265057226
27.667174736862048
3.3765753787668054
2.229740038012573
29.09231277505438
23.141432564996357
14.982510366272416
37.71109987986858
11.280827883244937
42.725340313576424
25.19433936044098
25.588168884111923
22.103320264591236
34.251189956107034
0.9389784887474162
40.45394003995828
7.572325834937471
43.15587023462932
22.693576793892916
9.17712178788413
16.11288659610299
43.46369572913702
27.64844434134508
14.305348227673914
22.382002130602412
39.19748423734023
20.863836298993416
39.92826447768344
26.22549573846662
29.919002011505718
3.583218448605874
16.343631784081452
10.845208196710576
35.78262660577142
30.39855876382958
39.66627208645242
31.429929646501755
38.26636692852656
6.989079478412197
15.93458655823477
26.873435017438556
8.53872654677189
31.586810256739255
3.4670244514202473
2.8308345039537333
45.16728681202902
[Y]:
51.8832822149227
39.009900904197735
31.036648446162417
43.38122863246659
17.903657055516298
35.263669351581235
43.609228990772905
45.48773183683619
40.094263368310564
19.5241957682116
24.995731947262172
12.063910232577019
44.21714971483328
39.898166819559705
26.42754507737157
37.16378416371445
13.45994427007712
35.97911577840015
59.32527221666988
29.241109910069518
11.968554838810498
47.15629625091285
51.16928004290945
31.434813530302137
26.24997429088481
55.43052169563081
43.632784064400276
34.13903270954858
51.98252453792984
16.315436680857804
42.5659794274014
29.810956625980957
18.529871728299465
43.518421142788625
44.56268670432833
31.75914454980677
14.539004455274064
26.81465791307198
56.726761418766166
19.72499888397936
54.55482003297551
38.98258390399737
36.59299835254982
14.69846573765797
46.25313542093713
36.75303465700995
51.91806487718649
38.426926793391935
43.54366441216257
2.322004150191554
50.01374956893501
27.20547787146178
55.26378413370273
31.11641089127599
44.05671775723531
36.917582320073656
12.876125005349532
20.987823445557595
42.3737959387384
24.787121699303107
43.913379889718684
38.365838019216774
15.81340953502739
43.55931836647268
25.14613898356381
25.653175667593455
16.22959641067027
43.001067138950646
21.77085060935222
21.555441149930797
61.922360333706706
19.93291683146387
46.82854501755013
36.004461548279664
53.010203897062866
18.88562074835005
10.004636313364246
57.01679399181875
21.769879077888035
54.75130072687763
33.00364288277724
48.021879715473794
45.262512529440926
38.54930695474574
48.30968979556273
38.193212373657936
5.142749150125387
55.69701258534231
39.69152106875821
46.93458811083764
32.172199288309315
22.35118906148879
35.788236141175524
28.00461442028464
19.278987549978897
10.930397869410054
53.75681101742555
25.460856636154723
26.44044054940556
27.437891941081446
37.59040717690993
64.62812180039842
21.465796783696916
50.02619274630367
58.82881942962641
31.69538707263424
25.669120245736536
36.72553717473522
17.871400650348694
24.304589080300016
34.18103029168808
15.322729155965233
31.139083860288697
30.754687079191825
40.27419603862706
28.234429061687564
33.515528143665236
32.70339454524692
39.102125204518885
28.06641837779664
36.21234339120423
53.119284844463806
27.79893808232066
26.915032262960437
45.000251056842984
18.753033308700243
38.72837434438709
35.44796666250164
20.425050228849035
41.611639893816125
27.74927565789189
53.206506390874864
36.328552744122874
43.1272262292801
64.37074302588682
17.29354939757854
14.470343091587761
52.600188111941236
30.221174285616442
36.54321103705456
62.11070037138315
65.42066240877514
53.476131356138964
48.42907202134495
19.05529376151838
42.63537949776729
41.948368332638694
50.083422516679946
4.794187020611414
48.70856949097714
12.349715872140404
13.766651089898907
36.432669829809385
21.130830021335104
21.91706746890211
51.29164618490699
21.458899636264785
42.57648251859399
9.838101466013867
28.377237569353202
46.98000393398727
30.39984420516897
21.04785432847952
2.9871515570430467
31.20065213737397
24.495645892738963
55.4598073093977
7.70864430435262
28.597442311257556
19.551198078822196
41.48473509343166
39.21313654232815
10.948625758277293
31.88366768909023
54.92910912433712
47.979034671155674
42.03557813747854
17.054124863733698
49.96192424763353
21.851419502406117
20.961972112604414
24.336449549613416
19.763010826989845
49.150942532308015
51.5112316167579
21.04811430781259
49.861442846001665
45.666667177942344
41.8685391465686
51.109101755976106
43.260406874524094
37.56325621944238
55.79304551618125
1.3597221563018025
23.341354971559404
53.401390184881045
17.06938693870678
3.848060176059411
37.634044968688336
48.07568247300719
42.25426843831467
44.589569006958946
49.56048895806778
31.04675380015592
41.44222746597763
47.440700909914
45.30296494777709
49.67147973728256
27.964945765861746
28.35123342683555
23.504191895305233
56.492375426647996
19.45478401572824
34.83737609357685
42.58842851080896
20.65852716056485
31.018451557092156
3.8111991587233165
59.29995863974028
48.16572863667146
27.78067234076977
14.103017991936982
18.244685156788982
44.97752592852942
11.70377105190218
42.17914534924944
53.243411276590024
35.13985081181479
23.832402640014198
42.381410078232896
5.036683336907004
36.731314704811126
51.4879446717808
5.599857727260951
33.043340600679485
44.81808575441528
31.553285820176853
43.817314228486225
52.69944581004985
18.400266838540038
12.168482453278905
26.619399242987257
39.839224911693314
63.691970478410354
50.86282393274597
7.140439369219326
51.222945312967695
26.112783163119605
46.95017544824792
23.29692108869755
3.5598114636984772
20.767777950279225
26.823204884163072
49.39395729241215
25.228220975574942
36.941042291093666
57.82110922070433
35.1513780358671
40.20451355534516
38.39554776081002
45.43434449845314
28.634894483004494
4.352169479700097
58.89976322268558
22.930604621871744
56.45618866082512
51.20109271330753
20.29861189682852
15.206997745857961
15.587706291210738
25.095337673872145
32.95039820732357
23.89598257970289
59.01124234688605
34.868991044921174
47.345523309730375
27.225351914192238
55.83621420077471
25.87354676927485
3.923009815524286
5.277908174738494
61.022512712416955
37.50481237359867
34.098429058787886
44.360735352156915
49.744839099323556
33.010010557927316
24.14916648125679
20.94483954756468
20.472805078118
37.360920356645764
22.308359975817268
16.60362433084285
52.45177481461301
47.5258329201607
32.3371074790901
18.83432865778583
13.169244321110213
20.149798252488687
22.40060482493118
9.251405667602745
49.497714803389854
48.091843536405925
4.905042667474563
42.62399721573976
28.468609755089172
19.15519557335131
25.18739276741866
40.067643842288994
47.10836919992122
31.200017329968688
28.776669108066237
43.010227210521656
17.27720160421448
48.51927418983354
47.35876289334555
15.012607793217086
43.750138210580694
53.96229752166414
59.828791748622066
20.974627877443332
31.82517052459035
36.37147327556614
15.903988885212616
23.868074602887283
0.9544154480576106
16.47242785749402
62.48617624540151
32.755273720214795
40.520292886041375
35.516631146313074
50.69545126831032
54.37165780465233
57.63999160414196
36.233379727443605
60.1145400408605
49.791574742136035
36.01947570996623
34.09902640962089
14.364579002235555
34.94796720349103
38.201343060026126
23.9851376874644
52.20185753295369
3.7772479410578006
14.698016338588488
34.32459590086605
13.151150856895725
65.78345869542953
26.534608800455267
27.210419503297835
48.940194978267826
27.637185949240163
42.70490879636924
31.572924599250197
46.42881821858941
18.357510128541357
24.128640716489837
53.313128166176305
21.873377913862882
45.228780485360275
47.4400673841681
40.288358169010024
38.49921225313077
45.62431242277489
18.450976659123533
13.459627554027971
45.67173028648539
19.210742481526424
27.426534390190582
38.066766461784084
27.96186332048729
20.879264333205917
41.38150590025027
5.237435716542154
6.06028133966862
51.636298455288156
14.49107734428582
49.44058306077697
40.370982013339386
35.39562956490197
14.559426333238665
46.05304300509273
25.409469515024156
27.744971406358843
29.810383571969286
24.379834580259672
21.55231109681357
5.051940179400595
19.26048623834971
39.752924537354005
45.28518779409973
41.22072350855785
51.18788797582892
33.35705543725398
28.49646070458398
20.1590698854458
17.749909239918193
37.07948764089698
52.99378271546658
12.392305894997952
28.516878372520814
48.9665409877142
55.397159892101214
33.66404541099635
16.298171085310198
30.959336778043607
15.92003304570747
24.025420488097033
40.39117740161442
35.78459453792311
40.07366549896931
9.065163314970757
15.388579846745872
37.085264278423125
48.92298611444707
40.80512485305446
59.692829025204375
6.922308059752613
49.017565813876
10.665380162128809
45.06585569523662
27.321568600530387
59.9467083450765
54.56157513812803
44.48687468436135
12.08861028194822
30.11106285435357
24.279602329125012
33.729807947276186
47.644440457283196
44.28102382175779
42.883751307653725
43.18820760926755
18.090439505058598
24.337713672346805
25.588203492668107
33.095691439392226
36.38026722275361
33.71003709469685
46.04092653688909
26.65558767303618
8.72295247205258
18.73702900241822
20.87476820822249
9.627268302339521
6.1073789242728385
36.269861723702256
7.682901004128459
31.72118936008997
60.86995012959784
30.997480458895335
59.62795523991912
18.45785075488931
55.14476731451026
32.31058546719499
11.756715727971471
18.570582019665874
36.64443896204656
35.211655822180944
14.35603911835331
41.78600799025493
25.4088913973128
59.81141110556808
32.26448310018636
38.72138819244715
24.68777707602685
49.569336417721225
13.485887576140627
37.71621571902466
22.94301934254421
46.6863013095396
25.219007952398364
26.130895277612474
25.398845295344373
60.47593097957262
33.60139779429192
13.746593193614657
21.88736149495844
56.6363406369555
22.70046171828068
36.37132792426917
38.85909246701231
29.97833107083362
3.6607864980993536
17.760497866151777
22.40149431330747
49.204069825002904
48.28141781644185
53.57113054632394
28.722826576205644
43.15752812275525
14.136189628944187
26.11015504997111
28.10910056488131
23.81277998319519
48.47906437135242
4.427991689340424
11.265548940639706
57.65026401063474
