[X]:
5.4554694207672565
17.94185687255042
34.9998900805876
18.411994190742597
9.527169244380035
27.67587929127095
19.358576869212175
11.05481645387405
22.079338853637708
35.758383347652
4.7121832034018265
37.74565251047753
36.47024149556758
47.10089773471668
8.76301429656765
21.06833620874947
20.836297254289082
43.88675202963423
42.80392276147528
13.707306860993562
22.941310470307446
28.139692969113856
34.562811581009775
7.4411818722810885
17.69760398200996
29.1946153713409
11.038219401222971
4.358523934219871
23.711092049742565
25.92095421436826
28.560845927505653
9.866513140345528
1.5909175835416844
43.7819683627533
42.11173125385389
21.484483300459623
43.355144848970625
6.223417417302107
0.9524081641340887
30.032958321510208
21.579726480821215
15.166893267915915
38.47569242438622
7.0364265683746545
9.273151493140702
39.59011370779591
2.3135133240963333
27.9567391995445
20.36444683135284
23.930398375642348
14.20324322949157
49.901932786426535
38.619862048236136
14.6882204339916
8.909962362635099
38.11884577772682
40.258759555861076
2.0203907637655947
8.059871471304092
39.970891590865584
19.596240821015943
27.852817160078818
49.27459570089891
40.533788880158674
21.15521769901081
31.94451808350096
11.053061537687203
15.869856124500565
26.22655109818276
20.729187405887846
2.988045539339085
17.93243363611492
19.485098735669943
42.49690990376582
24.76457946426807
49.00936342566047
2.89720670358205
47.21600839905939
41.49422015545955
3.8405204921807767
14.017050680347742
14.238208253997941
42.62921452459286
12.364971488649834
46.569090385048426
47.748968573898914
16.625934653980096
35.83555910760123
36.02626632736445
19.140281427454543
0.6599389655417787
31.847751552603263
3.726415053799009
1.9792322634759607
1.5648518663227973
29.161629448670624
29.64604372434379
20.983679127604866
47.65669146738678
43.63551169060532
[Y]:
14.49950015448001
33.58326695945807
43.268928220088654
33.57050065147696
29.93305714329133
36.67731850970367
31.371195801621113
22.154251850400527
23.794414017460547
42.643902477384415
10.779313298372653
51.406683033592465
33.69499713471895
44.13436753866129
26.629978324135777
24.192181320123332
20.932117000630512
60.85668165002011
55.52323636513638
31.0798416321191
38.51866509179346
26.197503460910607
42.003777781760476
18.901980726966862
25.517421259598443
48.06964855191018
13.85740651028728
13.948139110941431
37.46790893586879
40.32856467274006
32.678999644420166
20.212999079516724
11.893183289685131
55.53169761757846
42.25945707200918
37.20752063893042
54.275776666465916
17.80599271748578
2.600726925136949
39.23457953127307
20.729423515801294
35.44469865882769
44.65359075209114
15.050581798618534
26.217322012343388
44.34890022409766
22.133097131973795
39.109541898920206
32.27647876754771
29.383376636451324
18.449487533145287
57.116656549697765
56.11648066676182
33.7062234252336
8.01896612637159
54.35789634024123
56.71970863491613
11.407929363178514
15.535792316900961
46.435159896276645
37.68755187920144
30.298214176319746
50.885484546120026
37.78807967520501
35.16762202021022
50.10867109850016
19.97322295406203
36.07736522975387
28.398684826259224
37.83542401687802
13.150598449902791
34.88245572972832
39.33108357980632
49.14446627224092
40.15960718635802
45.41609676615662
14.376513180783661
47.725086291402256
53.90861412536816
20.020284428417256
32.230390858246
18.48095605520102
54.930109057588126
28.564070113947544
43.655740923959854
45.589411082633426
31.527157174036645
41.84158087263059
51.602795046206964
29.867060220977038
16.72187116008809
40.432003544902756
17.30225016774926
17.90923512822885
16.228623087728806
42.80928248925812
30.16855850674195
22.372430369676916
62.9419574609352
51.04098766910461
