[X]:
8.021941263571064
24.813976448604073
42.02593239977946
7.935132542305157
18.176560617582226
16.319474646046668
40.78182230693945
11.293908748213049
23.734149812048642
6.66628439856542
23.45926882822929
4.508700641465257
0.7999846660516619
19.12581225117005
31.492104386450805
10.628059770383652
9.359708094568465
11.597863609534919
43.5169797817472
43.81831569687544
3.911503829260088
23.378817739243416
16.002877511965576
30.233414429386052
26.898359701074416
[Y]:
29.014241854917323
34.537495845657546
54.387155145256074
28.936114005778006
29.435601386446024
33.86668253302096
54.57512574476226
23.67710459836783
31.822092295341392
13.845674057082089
31.574699409903978
18.442197091002953
14.668462818776648
39.00772574375641
42.29137056713588
27.436739461862047
18.0133149609011
20.899434713079042
47.44718979629976
41.615933598958236
8.31514228422882
37.16886205641956
21.812717964788163
43.773888971902004
31.18276204063205
