[X]:
83.96352962517959
17.832409293942455
98.91195655384004
27.424584400517627
21.183239229562957
11.42846124478758
66.0615512956342
50.92894418319861
63.163719433982024
74.0652890560536
60.64162908624762
40.158347132709174
42.714511937498656
63.1145533615489
34.05764747667298
89.43519727486076
64.29573649723307
6.16590700976073
3.3181176165299364
18.358101607299382
41.49515866758414
86.88656000369018
20.134808323399046
13.628449138769295
38.29446381871624
36.49236429119448
37.29362842393981
33.24890189612743
79.17526814401099
54.88882907213293
54.62695739128799
27.963353472700003
11.6484725170504
83.60450637719545
27.77758657415903
83.25746334150544
53.815964376938155
78.9241276059227
23.079049914988804
8.795704797976745
81.11470985596961
52.577788833774406
97.6965052529286
73.2738839558644
99.4508375114038
19.49420486204523
35.86070865507158
62.35550110419258
92.52578964269101
90.67647103310333
27.796372335586504
16.102605363079782
82.90186240977911
52.50754580765079
16.734177472107735
12.496776003151567
61.42796211527658
51.27972016764231
18.669913522267322
17.370127813282068
1.3272206914897833
64.91660796467721
26.220918713138662
67.73794902717457
10.583575508070798
22.887757079874415
92.87849501378959
45.30651926270479
17.160315050950192
34.223207602619446
38.75848643227695
30.79791628873567
89.49072065037308
44.28431549378258
67.23261858478071
27.883381344730818
0.6658615601128681
26.086468700766474
0.7851765264144217
25.421904472841593
29.0267350574407
7.861704542821213
82.8430222684058
32.27103829484922
47.926037656392396
34.52614624618127
61.19536948941304
27.427898795471638
44.51233963602099
55.803595770478175
80.02334595447451
56.5327624564181
37.2627191271346
16.80502057873333
45.41257167205694
4.783616041321281
31.43648372818132
59.36716683368288
36.72145414092554
81.58466567216674
50.57201086853609
28.823406927695995
22.094807117891158
99.06290721349662
86.28978333076564
29.581898103468717
74.29439460180116
7.0928985371052855
46.2424395296693
29.259657636722036
82.85282052188549
57.55929060751718
84.79958100968146
99.43478828933601
70.87259323475638
84.95514909663787
41.545210930629686
37.08479582381929
90.63084044543115
36.79105307116163
8.28604016512202
76.78164285687814
92.91954899412218
58.32200865679239
55.41626223777809
74.39584620473043
11.674322777841128
57.68860374684862
57.43929744927529
35.02842525963826
92.89528735605849
66.07781712882466
10.57180573630957
37.531986301522714
53.23132777238292
32.33986891785986
62.06466980384439
1.5427240486793226
54.506894304873775
33.270479899741524
91.0175615047537
80.73317990551024
3.4595335193430277
48.453706485558136
54.488115871449516
84.50171685098911
47.46527958693545
83.08195282052918
5.262323226500964
16.325026301952427
17.092147384204324
96.45485440158654
71.92462004064616
36.96772318375081
97.47258561153288
90.98480028395079
47.401526298879915
35.99620100986633
70.93357228949469
40.35571042493527
91.3821250756306
51.859233019853704
47.84291436858709
29.39548913915929
78.68278773785819
18.86769865294604
98.43769590458142
32.8006332287061
15.073147519089037
33.25195009443674
85.61328273243683
95.52611537260836
50.96303430849747
70.81740356217456
58.947984422646314
15.12753173219622
4.849897126091285
16.838980631236634
92.34050298022885
4.911057846212219
13.677621844018606
55.59669202675393
37.87283069762732
73.79529642487496
77.55892062692352
86.7128519520064
9.980113597513684
59.43717336635873
13.301419318877505
80.01458880748926
22.271724052809528
98.0744920376702
46.922826237646355
90.61311898204632
63.88568227487388
93.20430782252323
13.102166957509931
86.65634306345612
11.450531067380453
53.26693153675901
65.61987289365064
44.493578408354594
96.32318527614817
33.06508710409998
1.0718226588238289
18.220892580099466
74.59037270746312
81.12350071571925
7.377775899089389
10.33623670359698
30.40793057238904
20.08104629192029
51.33111509787495
80.80209300714375
57.80739974852928
3.619684189607175
97.94777395942931
71.47856979029092
44.473263561615305
64.89236661424086
29.78233622976405
26.878294903936496
68.59334445021153
26.880896640493933
80.81939810011535
97.13513777816124
98.02729701231173
50.716900030424306
49.95927075489204
36.42839530155112
62.7070750096861
75.37807849427125
35.48320526802584
63.20608670838946
17.673238822829283
88.03379947655661
42.37558517925747
59.37454622900169
12.638028594968153
63.84096411501219
66.23896053657404
19.564310414771935
33.682775776569244
53.406022143723476
4.65553899607306
88.95958749586936
23.444176687076634
53.15156350675907
4.79750957620989
51.26085932242511
23.98934436700855
59.41786694205622
14.432120971353124
86.75983135100273
72.3628008659956
92.97760938675411
13.302552542531132
39.37033482270531
35.33650473986958
74.46561399258923
16.133222855108453
97.54837936311857
32.93022712729326
4.402941539633409
24.517255149565987
74.27947616770908
46.83105143877553
48.739022218693094
29.274295158306106
81.3624086460862
44.2062439295163
6.562265624729413
85.38210083420192
94.02643927224679
27.908032645477554
63.00360984044574
3.092511396470432
1.7776692887376488
45.49241515899804
16.085270467939072
17.55809187987444
1.0671206768564478
97.14863581907144
88.45597416792124
29.115366664984577
8.47650016390551
13.230703697263746
97.36312713068553
75.89512825350285
8.922759727187257
18.963677109413613
60.6845480809884
74.26026707754903
71.92155173340011
7.618551015881325
30.84510071770554
51.17001391264648
2.310769064117757
55.817167851105744
28.081141870741355
56.007622057025095
46.81821160954143
41.545647841903076
26.302275665896214
29.33125517855728
51.59214080834834
69.5173515846462
73.25096326394716
62.87678451013762
28.090918444938097
5.48601701209982
47.173504326396696
10.395300928894336
55.65351948307282
96.77285045217204
77.17483715959469
51.654525240552815
69.95885118167256
29.544266953946384
89.58207493506845
75.25106954260889
58.860737542930764
33.060737315718015
37.820416540080416
14.971906276280434
24.088977880454365
96.82926327383618
12.720267543280794
37.79272028219509
93.0856406226052
86.50190883726651
32.89843366351065
68.91268895769367
62.92665865561147
30.803467772213978
91.71147375272398
52.71002862094857
21.9648363802606
32.00051543460452
55.59177827227316
23.88181911748456
90.23930016586785
78.19314215555436
9.946170892694495
40.45593620350119
56.91753011880303
49.24142469832504
93.62273089674954
9.6897862138428
61.875343150258274
55.067743814650115
60.7186753407264
3.1446514106395207
60.41998582068084
34.659810851316486
57.353658059763944
48.56886483661871
15.147252306346449
20.837116819622803
13.879830749997325
38.8285288507063
19.209053929385036
14.750700664145588
40.05389798625325
11.832264451099928
92.65305306943047
18.295775606543273
11.379045679137489
51.52206860053595
92.83960378237663
6.226276107096041
7.151572177704024
68.77548362696405
50.3674241588505
72.36948242813531
69.5262994344605
49.640436200428816
46.127789743757205
25.03785125959209
65.5836703747793
48.28350190604985
34.74057473019426
76.87128508419534
61.589217191421795
97.40964001879523
29.48848310942357
21.46833435446768
62.6611498602982
80.53036675002569
47.78160182301265
31.529142082545313
64.1873933286428
60.226934936186005
96.68321141834521
18.851217654537322
60.480688248926704
39.346746646945384
11.394632445515573
85.47832118030902
61.331975704014894
84.09602446326653
31.880228108142806
88.49482234520538
70.71458297869432
84.19605149489993
95.6672079821417
20.197573129449776
5.72463527071757
48.61386438543286
83.82886989823294
55.576612168817654
56.721813085813224
91.91425245947967
54.0145656206458
48.08643802323602
3.4651057644533356
72.66124256021128
41.93145473531733
21.617760186681068
82.63416488667325
90.57151753881199
85.35760320141024
75.0760417643647
40.64172424230021
79.96909158493214
6.928617008639836
74.76420077022308
19.755417740562752
47.22081211836818
2.1060496047085264
67.59712198249017
57.4379314392455
97.01280942752055
70.87508687128377
79.52641680431829
59.97933918543888
43.12937753962965
14.411168447315138
74.87977390392074
85.31222408555854
91.77930272610034
45.684946676024886
26.212414811969442
30.263357212529673
74.90641036424887
34.161228783254174
93.63598088464768
67.60598527168187
92.0486206995139
65.85070291518713
1.305108306829894
93.54874182261659
59.30260039367797
41.16327290295021
2.4773611280275443
48.292594904912775
90.06335432737667
39.58846217489863
10.752569042762516
30.134990823860676
89.84743554808111
27.50068717883409
52.69177912264872
6.024671848117135
5.27297332065163
78.5715640098697
34.805029338676675
10.108275745519812
57.72693347666462
39.00183771643355
99.18454930867571
66.78772442967343
47.53141596188133
83.73159418555025
56.148776970679705
32.02154501277775
10.363587110539596
11.962448882505129
41.191622535381725
40.07858510675385
3.8473613389710115
84.39189482515509
79.53952738122804
82.13817266477594
78.75342752503408
1.9484105363030801
27.33214676850918
31.750733235619176
24.289583025954585
78.64202348754758
79.09430847445849
15.796622115389148
92.05634537804247
68.41871681178816
2.926688754599871
47.05471121265862
75.01267223082813
25.15570917380471
76.92238638492029
61.8138432437648
[Y]:
83.41319476103484
27.382305617753957
104.71279709520246
35.14348342496348
37.80818076383156
29.028880577533716
88.22412919343923
50.630838602773494
79.94951189134939
98.91461233264923
66.34649332518268
76.68027259436651
42.80195968728947
61.16199696893469
42.4209098765655
119.28587814488667
97.53214323372988
17.75423335069854
39.16516708626453
45.72691436829195
57.396577941112824
113.5049854460006
52.556629145030456
27.52175052728472
56.259512154547984
56.81707205154873
65.38422786939273
56.949185156466854
114.41084087066255
53.32295521410624
87.08668246096303
48.26918252619557
50.14960565156548
97.47444035153335
42.43542369090582
104.13633992907741
84.17733927627785
78.87773294370365
50.4116577395665
8.352024212533138
99.59252242597076
88.72954991403336
120.61859680419079
107.79192541826842
130.47940382954576
58.51843444512303
47.966673986310845
59.607070148605864
126.86220011382864
118.6594649498887
42.01644098183648
22.774252819499083
111.66231718889694
55.97458911396706
45.1371624353276
54.40019794388907
97.13059576173939
50.94653698877282
19.854151430519064
40.04294911578163
35.62980027631212
98.96270734313775
28.829505574073604
64.88716317364371
9.525217957263719
49.80360429360948
84.89831519547283
73.90349930734342
48.136025622410216
37.33923525766851
44.90810535919281
52.563848638043936
104.51559277480948
43.34300309923686
76.63728281740313
56.04322570939651
30.675678114532225
66.63092137174249
10.732126443916528
25.930943286035905
47.48266637504592
24.511129862701786
104.1992328576418
68.70991485158441
75.38928607295414
69.86773221907514
61.17829106142868
56.94096109812545
80.16297595299308
78.55607932644473
96.43084544285483
85.75067775910168
64.48462971355993
52.61104943530978
71.38360710963596
14.3307220073327
40.93364229163114
85.68630233251557
61.818041754201424
116.57929864600271
71.66820344292651
61.24814767760584
25.987784927058982
93.07962554133356
117.3267853839092
27.495488081829983
101.30025679559236
15.101406570476104
72.13048818148708
29.384921133528305
102.90038160271132
93.64879140475591
80.24263195789992
109.54224460068951
63.785333911280745
119.61273372802674
60.492854238332285
70.42695726153309
97.25979259763446
57.085891953519166
17.0470138243993
97.00043180985062
107.1656483898296
91.28400838862514
66.00256210510076
73.93049989392247
34.916724583884786
85.48326523742693
59.97727569707504
33.269142311090704
97.11834534542874
99.57190569651638
30.87322998602791
63.41930048744702
79.72815728299153
57.00283526473418
56.29409271781402
38.00320276955304
52.54332402921894
55.660935676657346
118.09466658566592
113.63351198424155
28.395194039944627
45.35189541441859
52.526423439137105
102.20493882713424
57.10311814192613
81.74799584814134
27.838255304616435
28.641000291087337
26.280180004635575
97.2707264259255
97.85979000749066
45.47586790728961
97.31490472616908
91.4758979313452
72.73777637942257
62.47298361931034
93.04483798226774
59.42230378320731
90.52582056079483
68.03191454121763
49.596971347039386
36.91729768974098
104.37803082933556
31.801185195689726
126.95223701728119
37.366588004208694
55.41126262517059
35.59332371159594
104.5130178034994
87.71706341276379
51.96918939860467
87.27371750107675
95.3345057327262
25.383805706536414
26.59529202553959
33.02656823662973
123.20832296278016
9.650630793839806
55.89884909502348
72.26740743613597
72.87974822537657
69.03110614851187
99.44354138030775
91.11826358742778
26.417698011925008
72.67261138130182
16.766066224884494
72.01312992674033
35.30069794992093
97.42073061533858
68.38393727512576
88.96193528786083
88.0094066521712
122.24218774342884
51.457930647979055
86.70850664419186
11.177257749350543
91.09333792413577
62.98089465347218
47.89023866589234
126.35684713475348
65.5015497307235
18.40023616710414
33.83439909625221
103.3101966681044
106.5746725094105
48.48542816717091
30.66121785658658
64.85366842959992
32.02141828205841
73.6590669323937
80.13201191044853
93.43619973731273
45.53903552299098
107.76804180941942
97.45834478217094
79.25602769731984
71.04393688908472
43.80380848659627
33.780043089332324
87.88740366643441
38.141283595774695
89.73716416991243
119.67747618254609
116.12152054974086
50.00410897092255
53.24525167213011
36.272674926228554
98.71768726106201
92.68599462302596
34.55022410734766
64.73149613592373
16.341804834900422
111.48627171110192
77.80400704755183
90.05184273184317
41.886518340256046
65.30288580188419
94.92214592559608
21.530888422481347
58.21145143757263
79.88538221719804
19.010241504504044
114.49893040025373
50.74027183444555
85.75882796488702
27.855812913708533
76.21117610061324
51.666812640738335
55.655529719620944
53.52666904914607
100.3142328279599
84.30567613097499
90.21819686338971
40.30514042129239
53.740676903305605
56.64857824406446
97.96723509246908
48.955202223568925
125.71596223561056
33.560213463750536
13.988114955813616
56.936721182934775
86.4665737968712
81.37803678676403
64.78783492581901
41.60301194486785
79.32862630243451
45.01629826881347
33.80299230091678
79.02334022255206
121.23854647076377
53.0141826195901
61.06214779994184
31.987883178545896
29.060965704170123
51.40453110759586
17.092082787269568
31.494318888633416
21.011343749457897
101.38224885649446
81.78982622289946
33.613958202505266
12.4236389854097
27.599669524283794
93.72927293857391
87.04888088537746
44.20934498585612
27.528666862969864
65.07745073738717
99.0900925519951
107.44660620675869
43.90733693438891
40.40139758220294
70.02695671085553
16.028168777036136
86.41431229738276
61.88777880940887
69.15012530854747
81.36648094045334
46.98066073350225
58.54323964763198
42.96194564615611
47.304706516221636
66.92451536972226
72.90010524721752
57.02499595347793
64.07602719795628
41.116276542277426
80.81446459691495
49.89353101093316
51.39583721782774
101.91582181499312
83.84171995731944
63.924668490660224
81.27034162637614
43.1536562440063
123.77696698261425
88.64867751734323
66.92314040796785
55.90805724539025
45.371512139278124
41.80755878166676
52.62826259154771
110.6843912415722
32.80684561230201
60.16684191521962
94.67432391919637
112.28701960751118
31.788039768929924
62.02142006192431
65.35179067713167
33.82557951594952
102.15537162338461
81.87432741282504
22.819582002713013
34.90292241210101
74.4424345288736
60.723727697602165
108.24054359923323
113.52692748105159
33.36138788725282
53.84593835731376
76.07150108510456
49.54796096074134
101.69605358123728
9.592587381166656
95.35378922145256
80.07326203796981
79.49253178483559
2.830186269575569
69.19824364665105
32.50149944924704
54.66952151426602
61.5834640214736
45.01659946920465
28.34298281345
50.41426848380144
37.561015331760075
39.51853314850396
13.27563059773103
55.22766353920689
19.802725787425345
92.10554564956877
57.875738009525335
31.16385604021897
63.36956762029098
112.3243764315074
23.03924427054913
29.538579360699188
91.53844808034422
54.920259418754924
107.84974383202038
63.00955938536852
87.82949212143859
65.48895495885517
46.50801032310658
82.12746773806694
52.60883949688028
62.65058965066768
98.3887794974983
69.81466198596384
99.43770316447552
35.25743268556256
56.37214193911663
56.83092476862245
104.73318225722409
59.13136773181188
58.888520479075495
64.7428923054436
92.56255214572533
115.34773340952506
36.58114113501662
64.89397688853165
52.411777862059466
36.40856286220805
113.54524018801978
67.40369517552729
95.30146726287292
44.82013138842901
112.77297208159396
105.92444443316941
118.92954588646259
127.51002714756393
28.203283386648344
18.664758468621898
86.46968759358816
76.31776269711779
87.06959197203162
60.63920945302138
122.38880759975183
83.04841071255254
86.86678365631914
13.144062758151549
101.13808964122367
40.353648627910005
38.199249625237854
104.88304100279063
104.61653018569635
112.56481421830273
106.7985280797943
69.26929389462524
84.61298936270688
11.902323934378728
75.56968868592806
39.57437068420984
60.37021657504812
10.177352636964953
101.37516995916941
80.89876121704346
95.59343647749579
72.50537607123674
72.4455549125946
78.82712924507683
71.07229196786767
32.585096848516656
68.2635763022368
89.42180861327064
98.29340865023673
46.783020635025274
30.565411640437574
60.36465346218582
67.85165922217804
66.0521873476082
100.83619878163746
86.12700061704959
98.09990493195487
86.29080607362059
42.5841374397833
85.50153732341714
85.62819253651115
39.662284978779596
29.25479846517696
50.437573724086576
85.41591783817967
35.62961595740877
43.24083400374945
70.27459128252727
120.96456227384719
60.05769990363013
68.34531613937908
33.75504779631979
14.335253664375948
104.27792947414592
62.70859879830185
33.5072822547956
58.928478438663234
68.22928591569931
111.93236888421964
78.41632754957692
74.59823665354011
104.99894758307181
50.53389927361174
71.10071026384449
14.122017237380376
28.637689662771372
76.30255077370961
76.17259687665265
21.334110873590667
103.84965858129989
87.27761083985166
94.4111804329395
103.56982684908573
18.753275362481396
36.80384913357214
37.29345779913861
28.398973138670137
75.57260997668756
77.72322604232365
21.627088107869376
98.97863693133871
62.448624919317474
13.095377343637498
51.50292787282817
80.58810183836734
57.51132980474962
82.74273447140435
97.91377867173284
