[X]:
2
7
6
6
7
8
5
6
8
0
5
7
8
1
4
2
4
4
2
9
7
4
8
2
6
4
10
6
1
3
2
6
10
2
9
6
1
0
1
2
2
2
9
6
1
7

ADJ [Y]:
6.999999999999998
8.0
6.0
4.800000000000001
11.599999999999998
9.399999999999999
4.6
6.0
11.2
5.999999999999998
4.0
6.800000000000001
11.2
4.3999999999999995
7.3999999999999995
5.799999999999999
8.599999999999998
9.2
2.2
11.399999999999999
10.399999999999999
5.0
11.2
6.399999999999999
7.2
5.0
9.2
10.799999999999999
3.1999999999999993
7.199999999999999
3.3999999999999995
5.4
11.6
2.8
12.599999999999998
4.800000000000001
3.799999999999999
1.1999999999999997
4.3999999999999995
6.399999999999999
6.399999999999999
6.399999999999999
9.0
8.4
3.799999999999999
11.0
