[X]:
32.897664002166145
36.164384818149195
2.2279788046048967
23.776380495048873
9.825079823617545
34.42649014782187
4.618773054007913
9.370030547903108
32.88170965228319
8.068679509415183
46.874003809917156
14.345163122586852
11.349102955621682
42.81420489424621
3.2490283182112
16.1053317298107
46.488338824349015
14.439394295733182
34.82688444665957
7.488307225876167
17.08944645696708
32.08850664464846
46.97032294420846
46.97627399916462
31.70224357155409
34.131064474467856
7.100181103167386
43.94320977169273
9.449267883363493
14.273133692044688
43.025849055272275
16.32957218391044
5.188501311144888
5.248412157313748
26.969840822506935
13.765390517819093
42.756308015780796
45.57608089908172
3.0849863109073783
25.01425259417563
18.67289737473993
11.37049392439416
15.187362235801839
40.66332623338892
36.65498879507955
11.718740338107514
5.495628445699108
33.419507835738926
3.2936418566192396
30.86452639511437
[Y]:
39.19747527773901
34.72739580810462
19.876666592661167
41.44967758583108
24.970497932356277
41.00930870318324
8.079904797793727
18.894384957610413
43.10612541203096
24.69740733263636
53.51974068213119
22.500224486117645
16.316651181016454
41.58401366530006
23.41095052103124
33.67395390840859
47.94196346287106
16.482574020992402
45.29267262132377
6.739476503288551
17.55995128304071
42.82813259951377
56.22176726911777
55.355343429870175
38.12159689018816
44.23054475199716
19.030969929118598
51.317915942083275
18.09391877081662
12.84582032284022
56.5947498182618
26.465642113079213
19.48990758806869
9.954249673831182
32.11887483862945
28.080887662783603
48.94203467870033
52.351610062379294
12.801955249960187
27.743506067006876
27.266965101763553
12.41289400372508
32.847781363800614
37.46877339875816
41.70728780265294
27.546572184105386
17.15098264304308
43.59014377714112
17.784534078995605
44.77777963541156
