[X]:
42.58774638288095
20.090394357839468
78.0337946399348
86.01450057593286
71.0996568453078
59.3683607949388
5.0834720962224855
48.669295589367756
55.797406446760874
71.55630209833397
92.56113850429468
7.590779497661271
76.92686617362436
26.166061780311654
26.826849261535614
43.682441251280515
57.24750400528793
28.88846706301882
83.97957388340014
47.965408035502676
47.95903727638713
12.640389256834606
92.1776002537487
76.842967914947
43.762264597667745
93.20606691048545
59.15303645386858
47.222677690367775
29.024339988696557
14.586277983540763
21.152604516127948
37.608511020628434
8.761603773651972
44.73333385552319
44.03191315626114
86.0857626904813
51.10251354281746
50.62791344628441
38.545943809043024
23.217072868758613
59.9485552582761
75.77296570483082
95.68760092259772
31.621019692743026
14.816573427248958
51.84694472574931
78.2890458825207
72.7298710983826
30.120634794753663
37.34830121413799
[Y]:
76.68728244775077
39.43995974540482
70.23041517594132
115.33547132714342
87.09185556154259
96.14873436214351
35.95919728009308
71.26342937473723
78.98639882945324
88.37461607797428
98.99706085061163
16.421279223684625
83.18265617559207
27.472464651467092
48.11810852485576
64.59581099868836
86.82983504743859
60.434922010688254
88.65831332568213
45.348316703722745
54.060380907600106
30.991395577084177
90.80585832674703
96.18384457340446
57.25752380641772
85.19312990249911
54.545402491543925
61.24367537855589
68.83911563652549
20.973668283559896
47.370187197529525
73.51364030478571
51.474432831693505
65.10572444815271
72.32046391719007
113.22015775846668
70.83798616671756
58.64181893227799
75.22910960306697
46.17697945441866
66.59450666871645
88.6824941689889
91.34951956258676
42.84328423715294
29.89873206997862
86.76412053374857
111.43379136355094
67.20044356596061
52.3901851878142
66.30521316927923
