[X]:
77
10
94
79
81
81
93
15
10
22
65
64
91
46
31
71
1
41
85
5
11
34
19
33
75
12
42
62
78
90
70
37
83
80
21
44
39
44
85
11
36
49
38
29
22
54
46
62
8
92
89
99
66
12
23
11
27
14
80
13
68
0
22
10
36
29
95
51
77
62
89
57
42
71
55
12
60
89
32
2
81
59
87
8
96
67
47
97
13
43
58
60
29
95
93
51
51
52
43
61
81
74
29
70
87
50
13
43
55
28
49
16
73
69
79
78
46
58
51
36
44
96
4
68
76
51
85
55
8
98
75
9
11
84
48
92
71
37
61
31
76
38
60
33
92
72
2
97
97
0
66
78
83
96
46
55
91
48
50
35
72
90
58
40
39
32
93
7
79
50
55
63
0
60
23
23
86
35
18
2
10
23
33
78
41
64
6
57
35
95
67
1
42
54
26
43
34
32
75
19
59
63
0
65
74
95
73
60
24
59
10
41
34
34
30
54
81
43
24
31
98
37
68
74
35
88
76
72
64
82
29
73
80
52
33
60
80
7
62
66
97
96
62
34
22
64
41
35
38
97
94
45
33
55
32
76
52
100
51
41
85
62
41
53
92
68
19
66
30
22
50
75
98
47
100
62
46
80
27
57
49
98
71
5
35
38
21
61
74
60
44
40
57
65
28
80
68
36
53
14
54
28
46
57
98
21
51
66
45
16
80
18
92
89
32
42
29
31
11
46
64
40
15
0
4
88
75
24
82
38
82
61
94
6
65
85
13
50
13
98
11
71
9
78
19
43
29
90
49
41
89
0
100
74
76
24
24
78
46
100
43
83
3
2
6
62
70
39
88
33
88
57
99
76
98
53
76
92
34
35
45
87
30
0
39
37
98
97
71
13
59
44
15
17
57
78
79
82
25
35
0
8
90
49
81
65
79
25
69
94
69
85
100
42
39
45
10
75
30
3
20
90
77
96
71
72
14
28
90
21
64
33
30
91
98
95
94
13
74
67
13
10
22
24
96
52
78
36
68
44
51
56
10
34
68
51
35
44
97
12
46
87
85
59
32
39
25
37
35
27
39
59
15
11
8
7
17
60
21
62
40
20
89
99
3
5
84
65
27
61
82
93
36
44
50
44
1
58
24
30
26
71
27
43
21
87
70
6
32
19
39
26
24
43
42
24
82
13
96
46
82
48
47
77
89
8
90
48
64
74
79
29
82
0
80
7
87
55
37
17
32
79
15
32
58
96
68
19
85
52
6
12
14
71
91
67
82
6
78
78
63
54
87
26
93
38
86
37
17
94
29
82
44
28
89
21
61
52
25
72
2
9
52
66
99
8
68
40
99
94
56
96
80
50
32
91
22
80
47
90
0
1
27
90
60
90
85
82
84
74
96
7
68
46
90
64
6
68
14
98
18
83
21
49
58
69
24
76
50
46
59
4
55
73
22
8
18
74
84
77
93
49
47
6
91
85
79
62
2
77
53
53
38
77
6
50
51
69
66
79
77
13
43
41
100
84
47
5
37
1
44
58
54
23
29
31
30
98
7
73
20
97
69
63
57
70
26
6
64
91
99
25
4
68
46
92
63
98
56
10
57
54
13
48
30
79
82
38
49
95
65
89
10
68
12
89
23
70
20
0
5
42
5
23
93
26
56
29
100
59
2
100
82
71
69
6
58
83
97
8
68
0
55
42
63
98
30
85
24
14
99
33
25
52
54
42
1
16
66
89
34
88
51
3
56
61
62
86
85
21
1
91
10
44
57
83
96
84
8
35
40
97
72
82
31
40
38
19
35
6
100
95
65
39
92
19
38
40
36
62
52
83
99
19
73
83
23
18
63
8
88
28
23
11
3
35
90
45
100
15
99
80
9
18
60
16
2
20
10
86
15
76
59
9
91
66
49
98
60
43
4
4
20
65
76
89
89
78
18
3
87
45
91
10
93
83
87
48
74
35
92
87
94
66
84
69
91
51
10
50
46
0
79
57
65
51
77
64
85
23
93
0
80
11
71
95
87
74
20
81
84
65
72
100
30
49
34
62
6
14
78
76
37
100
36
91
94
97
81
39
87
74
88
49
71
99
90
34
93
72
67
72
7
41
38
17
30
61
52
77
18
60
48
40
25
33
59
40
81
11
55
32
91
62
17
51
2
0
33
90
69
0
91
77
75
38
7
47
81
49
89
94
28
15
70
71
27
52
57
16
22
30
45
99
71
52
50
39
29
55
34
44
10
11
19
79
84
39
90
25
10
96
72
64
93
16
78
43
92
6
34
50
92
93
98
35
62
57
9
71
78
54
22
81
30
74
99
100
4
31
18
21
40
82
12
2
72
4
89
22
60
22
53
69
25
21
5
58
55
87
76
96
50
37
69
54
81
49
91
46
70
84
57
39
72
19
83
48
91
73
40
18
57
86
38
10
74
80
57
93
45
92
38
90
19
54
40
63
70
99
86
7
76
21
72
66
71
20
91
59
8
31
13
47
37
43
7
92
22
44
53
43
55
93
96
33
30
46
65
25
1
35
3
15
12
87
7
21
80
40
10
47
22
59
21
68
20
35
39
39
67
80
20
15
8
64
33
28
78
3
58
72
87
57
0
39
12
77
39
27
57
94
21
4
12
32
22
57
92
49
68
61
61
45
2
96
67
44
20
31
78
23
0
47
71
29
47
74
12
77
79
0
28
65
15
36
23
38
97
69
72
15
20
17
91
68
25
57
59
1
66
31
40
6
7
55
98
53
49
24
36
27
74
97
16
32
92
50
51
60
22
25
3
1
28
98
61
69
90
41
62
97
87
40
47
95
68
86
30
89
12
26
42
78
4
42
0
8
96
34
13
87
0
44
59
28
7
4
31
43
38
59
79
50
64
70
23
62
46
100
70
64
36
53
74
100
28
94
9
1
7
84
25
65
81
96
13
31
94
78
38
54
73
61
9
26
45
50
51
49
27
66
79
15
34
28
99
68
98
46
24
51
62
88
48
66
20
99
34
24
70
12
51
35
82
62
27
76
17
43
14
36
52
36
5
24
2
26
11
60
67
22
64
1
57
10
49
73
85
1
50
11
34
23
37
83
64
21
15
14
15
82
80
3
48
17
65
60
57
8
40
39
100
28
61
86
90
85
8
77
54
3
96
91
12
5
38
20
85
81
90
63
35
9
90
46
34
84
87
53
30
10
81
98
49
90
1
37
30
94
39
7
32
62
21
83
5
98
60
25
62
54
50
49
59
20
75
86
33
46
66
19
100
82
81
63
21
12
83
16
62
8
82
8
24
60
87
85
91
87
48
8
57
99
5
92
45
61
29
11
35
68
2
19
3
51
88
41
76
77
65
24
37
14
24
47
54
13
8
15
15
8
4
60
87
55
77
2
86
73
64
25
97
30
17
2
100
81
12
12
2
65
69
39
50
12
8
53
32
42
100
85
3
83
62
88
13
2
48
88
33
71
22
24
65
90
20
25
51
70
13
31
26
98
30
44
7
23
88
28
18
82
93
13
58
15
89
23
81
71
49
31
23
2
82
91
14
19
92
68
58
64
6
38
28
83
96
87
96
6
32
51
39
46
93
100
18
99
70
48
73
92
9
86
9
48
82
75
8
72
51
6
19
59
66
99
21
83
51
22
86
9
74
61
93
7
2
15
58
91
8
4
19
47
82
4
53
53
62
42
74
98
12
43
27
8
58
84
18
0
38
38
68
75
64
6
97
39
49
33
57
5
10
35
64
83
29
5
86
35
9
79
80
82
75
54
53
99
51
34
13
30
38
71
53
7
35
11
44
79
21
44
77
4
23
9
87
8
7
87
73
76
44
72
23
98
55
41
93
59
8
87
49
5
62
23
80
69
97
26
14
18
23
62
77
59
66
34
48
92
83
21
97
84
43
37
98
34
45
35
83
77
34
16
87
2
95
55
57
92
100
77
31
36
36
16
3
0
64
95
52
47
5
8
64
45
62
84
4
57
52
35
84
54
92
81
39
98
62
58
87
61
52
35
93
34
22
50
51
13
70
51
23
64
13
17
94
78
72
44
64
14
41
95
93
90
22
77
24
71
95
78
34
80
71
15
33
20
59
92
61
0
83
12
24
1
88
44
14
89
31
13
60
37
98
92
42
40
5
45
70
81
95
50
79
60
3
48
51
58
19
92
50
40
20
67
71
9
43
54
45
62
69
33
36
99
94
37
98
69
68
72
40
11
12
43
44
100
10
12
26
6
66
94
67
74
67
97
38
30
87
83
29
38
83
19
35
38
12
4
74
93
44
28
95
10
36
61
63
9
74
66
35
3
15
54
87
93
68
21
65
37
59
47
85
66
55
27
30
39
44
53
2
82
33
60
85
94
50
11
34
88
40
2
11
4
42
87
46
15
75
7
96
78
85
36
39
95
60
42
46
65
43
68
78
9
48
56
55
3
5
88
24
25
100
74
71
64
94
14
30
3
100
28
22
11
16
1
67
26
46
48
25
13
1
72
25
41
46
76
60
57
31
36
97
85
23
37
17
54
25
93
90
63
19
34
44
60
13
1
[Y]:
107.79999999999998
29.599999999999994
110.6
95.6
85.19999999999999
100.79999999999998
85.2
56.39999999999999
43.39999999999999
71.6
103.6
74.6
99.19999999999999
48.8
26.6
62.800000000000004
0.8
61.599999999999994
112.39999999999999
60.399999999999984
36.39999999999999
59.599999999999994
54.199999999999996
32.4
61.2
37.8
43.8
99.39999999999999
86.4
108.6
98.0
72.79999999999998
69.4
74.2
26.4
41.800000000000004
40.2
43.6
86.6
27.399999999999995
54.599999999999994
93.79999999999998
61.599999999999994
32.2
72.79999999999998
93.6
58.4
59.8
19.0
107.2
104.8
99.6
54.6
35.39999999999999
74.19999999999999
13.6
75.6
14.8
76.0
51.19999999999999
74.2
47.999999999999986
61.99999999999999
45.79999999999999
49.8
55.0
77.8
79.8
120.99999999999999
73.6
113.19999999999999
53.4
43.8
73.0
66.19999999999999
28.199999999999996
70.8
79.0
53.8
22.599999999999998
82.19999999999999
65.8
72.00000000000001
44.79999999999999
126.0
57.2
44.8
129.8
30.199999999999996
41.0
50.60000000000001
98.99999999999999
56.199999999999996
81.4
79.80000000000001
63.0
49.800000000000004
57.199999999999996
80.6
80.0
121.79999999999998
76.0
82.0
105.19999999999999
97.8
40.0
64.39999999999999
38.0
51.199999999999996
58.39999999999999
54.8
21.799999999999997
60.2
94.8
84.8
106.8
96.19999999999999
59.6
85.8
41.4
52.0
118.80000000000001
44.599999999999994
55.00000000000001
87.8
42.6
95.0
91.39999999999999
47.79999999999999
102.4
66.6
30.599999999999994
41.8
86.4
71.4
85.60000000000001
107.79999999999998
40.4
86.6
28.4
117.19999999999999
68.8
97.19999999999999
52.199999999999996
74.80000000000001
61.8
15.399999999999997
131.6
123.19999999999999
26.999999999999993
62.400000000000006
88.8
120.39999999999999
93.60000000000001
60.2
62.599999999999994
126.19999999999999
50.400000000000006
85.6
38.199999999999996
103.19999999999999
109.19999999999999
86.6
45.199999999999996
45.0
34.6
110.4
60.19999999999999
120.79999999999998
74.79999999999998
77.0
103.19999999999999
33.599999999999994
52.2
41.8
78.39999999999999
108.39999999999999
53.199999999999996
46.199999999999996
50.79999999999999
66.19999999999999
62.19999999999999
56.39999999999999
95.4
43.0
62.6
64.79999999999998
72.6
33.4
97.6
61.4
41.59999999999999
42.6
103.19999999999999
67.6
60.8
83.6
53.199999999999996
115.79999999999998
57.199999999999996
92.19999999999999
52.800000000000004
1.1999999999999997
104.79999999999998
98.19999999999999
112.6
82.4
77.39999999999999
27.0
100.0
30.199999999999996
55.599999999999994
54.8
27.200000000000003
82.19999999999999
79.8
90.6
87.19999999999999
58.199999999999996
42.8
104.2
42.2
66.4
106.6
63.39999999999999
99.2
116.0
101.39999999999999
72.2
102.2
28.0
66.2
101.79999999999998
53.599999999999994
41.4
107.39999999999998
73.0
31.999999999999996
79.6
56.400000000000006
129.8
136.2
91.0
32.6
66.79999999999998
54.2
76.6
66.39999999999999
83.19999999999999
118.4
127.39999999999999
79.19999999999999
37.8
93.19999999999999
68.19999999999999
109.39999999999999
66.8
114.79999999999998
70.2
80.19999999999999
105.79999999999998
50.800000000000004
32.800000000000004
59.8
79.60000000000001
81.4
29.0
72.0
51.599999999999994
52.39999999999999
97.6
82.8
104.2
92.79999999999998
106.39999999999999
72.39999999999999
90.79999999999998
79.0
77.99999999999999
48.0
84.79999999999998
103.0
84.4
15.999999999999996
80.19999999999999
31.6
64.79999999999998
50.6
68.2
60.599999999999994
38.800000000000004
45.8
63.599999999999994
102.99999999999999
42.8
116.19999999999999
83.8
41.4
66.4
62.79999999999999
86.39999999999999
55.39999999999999
57.8
66.0
104.8
68.39999999999999
67.8
97.8
73.79999999999998
30.199999999999996
93.39999999999999
29.999999999999996
130.0
80.8
80.79999999999998
87.0
26.8
61.999999999999986
17.2
44.6
98.0
55.99999999999999
40.19999999999999
30.599999999999994
60.79999999999999
93.8
77.39999999999999
41.4
88.4
51.4
99.80000000000001
82.4
129.2
40.8
82.6
107.0
33.8
41.2
59.59999999999999
137.79999999999998
9.4
66.4
45.599999999999994
118.19999999999999
46.39999999999999
52.39999999999999
46.0
100.19999999999999
59.599999999999994
74.19999999999999
116.79999999999998
50.999999999999986
102.8
88.0
78.2
33.0
35.4
114.6
77.6
103.39999999999999
57.8
71.80000000000001
34.79999999999999
53.19999999999999
42.599999999999994
50.800000000000004
110.6
88.79999999999998
125.0
77.39999999999999
121.39999999999999
98.39999999999999
134.39999999999998
67.4
115.6
56.2
79.4
76.60000000000001
34.4
38.8
68.39999999999999
93.0
82.79999999999998
50.999999999999986
83.39999999999999
86.6
131.8
110.6
107.19999999999999
39.199999999999996
100.6
53.2
46.199999999999996
45.99999999999999
53.4
119.39999999999999
67.4
114.19999999999999
66.19999999999999
69.39999999999999
12.599999999999998
13.0
119.99999999999999
62.599999999999994
84.6
105.39999999999999
112.39999999999999
55.99999999999999
112.19999999999999
89.6
107.39999999999999
99.8
111.19999999999999
67.19999999999999
72.0
83.99999999999999
20.599999999999998
94.19999999999999
40.199999999999996
54.59999999999999
62.79999999999999
81.0
76.6
120.0
94.6
113.39999999999999
48.99999999999999
82.39999999999999
116.39999999999999
47.39999999999999
101.0
71.99999999999999
31.2
112.39999999999999
125.8
89.8
96.2
13.399999999999999
95.19999999999999
59.0
23.599999999999998
48.79999999999999
28.4
34.2
100.80000000000001
45.2
103.8
55.199999999999996
55.60000000000001
82.0
72.0
80.8
60.79999999999999
80.0
59.800000000000004
72.0
35.8
71.19999999999999
101.0
31.199999999999996
54.8
89.4
71.6
50.2
38.2
76.79999999999998
22.4
31.400000000000002
58.599999999999994
30.0
67.19999999999999
76.6
58.79999999999999
41.19999999999999
26.199999999999996
50.599999999999994
17.8
79.8
16.8
97.0
75.79999999999998
32.8
87.4
111.6
17.999999999999996
62.19999999999999
87.6
81.39999999999999
77.39999999999999
87.19999999999999
98.6
80.4
73.19999999999999
78.39999999999999
40.0
37.6
46.999999999999986
72.8
45.0
80.99999999999999
46.0
64.60000000000001
58.199999999999996
35.0
69.6
78.60000000000001
59.0
40.8
76.0
30.199999999999996
52.8
57.999999999999986
24.6
72.79999999999998
52.8
35.4
101.0
66.19999999999999
93.0
41.6
75.2
81.6
50.2
63.4
74.2
54.399999999999984
88.8
92.39999999999999
52.400000000000006
62.800000000000004
101.0
71.19999999999999
72.2
0.5999999999999999
69.4
28.999999999999996
90.60000000000001
47.0
67.39999999999999
32.8
47.8
121.39999999999999
41.99999999999999
34.6
84.19999999999999
97.80000000000001
98.8
53.599999999999994
126.79999999999998
68.6
64.79999999999998
36.0
33.99999999999999
93.4
80.6
95.0
77.0
29.399999999999995
116.39999999999999
105.0
61.800000000000004
54.6
103.80000000000001
20.8
125.39999999999999
38.2
94.6
73.39999999999999
20.8
77.0
44.8
89.6
58.599999999999994
23.6
112.0
22.799999999999997
99.19999999999999
63.8
30.199999999999996
62.4
12.399999999999997
59.99999999999999
42.2
85.8
111.6
57.399999999999984
78.4
90.79999999999998
115.8
126.79999999999998
50.2
125.4
80.19999999999999
71.8
75.39999999999999
118.39999999999998
55.99999999999999
79.0
52.599999999999994
122.39999999999999
28.799999999999994
17.599999999999998
27.0
109.19999999999999
91.79999999999998
85.8
111.19999999999999
106.4
114.0
60.400000000000006
124.8
30.199999999999996
93.4
81.19999999999999
88.8
101.0
52.19999999999999
67.0
29.199999999999996
97.6
62.999999999999986
81.4
41.39999999999999
76.39999999999999
106.39999999999999
106.19999999999999
45.0
92.6
84.39999999999999
80.0
102.39999999999999
46.99999999999999
95.6
90.2
55.99999999999999
25.599999999999994
27.599999999999998
104.19999999999999
125.39999999999999
100.0
89.4
62.0
87.39999999999999
23.399999999999995
102.79999999999998
74.6
79.4
86.79999999999998
35.199999999999996
72.4
73.0
58.6
37.6
74.8
40.19999999999999
94.6
51.6
78.0
96.0
109.39999999999999
91.6
36.199999999999996
69.79999999999998
72.4
104.6
117.6
58.599999999999994
59.79999999999999
67.39999999999999
25.999999999999996
94.6
79.4
96.0
41.199999999999996
44.2
29.6
39.599999999999994
88.60000000000001
9.8
92.6
60.99999999999999
122.0
106.79999999999998
88.8
64.8
62.6
63.999999999999986
6.0
66.8
92.6
84.0
41.599999999999994
43.99999999999999
78.4
75.19999999999999
111.4
94.19999999999999
110.8
104.19999999999999
15.799999999999997
76.8
64.8
41.599999999999994
96.0
73.19999999999999
70.4
123.19999999999999
76.6
83.0
120.39999999999999
110.19999999999999
86.2
20.599999999999998
73.6
55.79999999999999
74.2
35.2
73.39999999999999
73.6
31.799999999999994
35.8
78.0
55.59999999999999
74.19999999999999
124.19999999999999
53.8
59.8
69.39999999999999
137.0
59.2
44.19999999999999
99.8
66.2
113.19999999999999
103.79999999999998
35.39999999999999
93.19999999999999
115.0
102.80000000000001
41.19999999999999
71.8
28.799999999999994
46.4
76.19999999999999
73.2
133.6
36.599999999999994
123.79999999999998
69.6
28.0
93.6
71.39999999999999
32.599999999999994
53.599999999999994
80.39999999999999
61.199999999999996
13.999999999999998
18.2
99.0
125.79999999999998
56.599999999999994
100.4
88.19999999999999
7.799999999999999
80.8
53.6
86.79999999999998
70.0
95.6
20.4
17.599999999999998
93.8
62.59999999999999
65.19999999999999
97.79999999999998
106.0
91.2
125.39999999999999
28.599999999999994
33.4
40.4
101.6
78.6
87.2
34.4
68.0
83.19999999999999
29.599999999999998
35.8
50.999999999999986
117.19999999999999
103.0
90.39999999999999
51.0
107.2
45.8
47.2
74.0
37.8
73.6
84.19999999999999
101.8
91.2
43.39999999999999
59.00000000000001
85.0
20.8
64.8
105.6
21.4
111.8
30.8
59.19999999999999
16.0
22.799999999999997
48.39999999999999
99.0
66.6
120.19999999999999
54.59999999999999
114.6
64.6
45.599999999999994
25.199999999999996
69.0
25.4
8.799999999999999
17.8
34.99999999999999
112.6
51.599999999999994
84.8
78.39999999999999
32.4
74.6
92.4
51.2
134.2
87.6
58.99999999999999
50.599999999999994
34.39999999999999
51.39999999999999
88.6
88.4
92.2
74.8
74.4
68.39999999999999
43.19999999999999
85.80000000000001
39.6
99.19999999999999
45.19999999999999
101.4
93.4
78.60000000000001
92.39999999999999
95.8
38.8
89.80000000000001
103.80000000000001
75.2
104.39999999999999
78.0
91.19999999999999
84.19999999999999
95.39999999999999
64.39999999999998
43.0
95.0
11.399999999999997
84.2
81.6
109.6
78.6
106.0
62.6
92.6
25.6
104.4
47.999999999999986
65.8
11.2
58.6
102.39999999999999
86.4
96.39999999999999
49.599999999999994
64.8
75.6
99.39999999999999
107.39999999999999
138.79999999999998
37.199999999999996
56.599999999999994
84.79999999999998
100.6
36.599999999999994
35.8
93.6
75.2
47.599999999999994
86.0
67.8
78.8
95.6
99.2
112.79999999999998
78.6
87.60000000000001
77.8
104.6
91.39999999999999
68.2
114.6
118.79999999999998
35.0
118.8
82.19999999999999
65.6
103.79999999999998
21.799999999999997
79.0
55.0
49.599999999999994
53.99999999999999
75.2
95.6
101.79999999999998
66.6
57.0
58.8
55.99999999999999
78.19999999999999
28.8
75.39999999999999
39.199999999999996
121.19999999999999
62.19999999999999
44.0
41.8
80.6
56.8
69.99999999999999
72.0
11.199999999999998
35.99999999999999
61.8
96.6
87.0
37.19999999999999
86.6
91.0
85.8
64.6
11.599999999999998
77.79999999999998
100.19999999999999
66.8
113.79999999999998
78.2
26.6
36.599999999999994
107.6
110.79999999999998
72.6
57.8
52.8
42.8
38.599999999999994
83.99999999999999
69.0
106.8
79.0
87.79999999999998
68.19999999999999
34.800000000000004
49.0
91.99999999999999
69.79999999999998
87.39999999999999
55.39999999999999
54.999999999999986
35.0
97.4
108.6
64.19999999999999
132.0
31.4
61.999999999999986
103.2
105.6
54.800000000000004
103.8
69.19999999999999
62.400000000000006
38.599999999999994
107.80000000000001
20.4
33.800000000000004
83.79999999999998
80.2
133.79999999999998
98.2
30.4
55.6
87.6
23.399999999999995
76.6
114.6
68.4
67.39999999999999
88.19999999999999
74.99999999999999
97.6
108.6
136.39999999999998
33.199999999999996
84.19999999999999
64.19999999999999
28.199999999999996
63.19999999999999
72.80000000000001
31.799999999999997
30.399999999999995
90.0
33.8
85.6
63.79999999999999
87.6
62.599999999999994
87.4
102.6
78.79999999999998
49.19999999999999
45.39999999999999
58.400000000000006
100.39999999999998
115.19999999999999
81.2
92.4
63.39999999999999
79.39999999999999
97.79999999999998
96.6
101.99999999999999
68.0
122.6
44.0
90.79999999999998
122.39999999999999
52.8
67.8
65.4
21.2
91.0
43.800000000000004
98.6
117.19999999999999
81.19999999999999
58.19999999999999
48.0
121.6
40.0
60.19999999999999
79.6
109.0
97.79999999999998
93.0
75.0
94.60000000000001
81.39999999999999
79.8
44.599999999999994
69.6
47.599999999999994
54.60000000000001
103.39999999999999
81.0
99.99999999999999
10.399999999999999
107.0
31.199999999999996
112.79999999999998
80.4
95.8
60.99999999999999
77.0
50.800000000000004
53.19999999999999
82.99999999999999
15.799999999999999
58.0
35.6
72.19999999999999
59.59999999999999
88.60000000000001
68.6
69.4
100.6
37.4
89.0
104.4
113.4
57.0
71.39999999999999
71.0
59.8
56.599999999999994
46.999999999999986
50.199999999999996
34.79999999999999
61.79999999999999
21.0
75.60000000000001
56.59999999999999
55.19999999999999
88.6
77.0
48.19999999999999
39.4
76.39999999999999
63.4
44.99999999999999
108.39999999999999
30.999999999999996
30.4
65.4
61.199999999999996
77.6
92.19999999999999
66.39999999999999
36.599999999999994
53.79999999999999
63.8
43.8
53.0
87.6
35.39999999999999
61.400000000000006
109.19999999999999
108.0
100.79999999999998
49.79999999999999
58.199999999999996
52.19999999999999
102.39999999999999
81.0
28.8
69.0
90.2
39.599999999999994
52.39999999999999
21.599999999999998
41.8
55.39999999999999
75.6
123.4
42.2
62.2
104.6
99.19999999999999
64.19999999999999
28.599999999999994
90.00000000000001
84.8
70.0
62.79999999999999
35.0
82.8
55.599999999999994
52.19999999999999
41.8
109.6
42.4
67.6
60.400000000000006
28.199999999999996
80.8
120.19999999999999
52.79999999999999
81.79999999999998
65.8
37.8
61.19999999999999
18.400000000000002
60.39999999999999
129.8
89.4
108.6
43.8
32.8
35.199999999999996
96.79999999999998
106.0
39.199999999999996
58.2
104.19999999999999
6.199999999999998
78.6
50.0
57.8
24.599999999999998
50.599999999999994
67.39999999999999
82.0
73.6
49.4
44.4
70.19999999999999
57.599999999999994
106.6
89.60000000000001
42.8
44.8
109.0
98.19999999999999
78.6
78.0
19.400000000000002
51.8
42.59999999999999
3.799999999999999
55.39999999999999
103.6
72.8
76.8
132.0
78.39999999999999
56.2
124.4
121.19999999999999
53.599999999999994
74.79999999999998
119.79999999999998
108.39999999999999
115.6
30.599999999999998
109.6
49.199999999999996
43.599999999999994
51.0
85.2
46.99999999999999
36.6
14.399999999999997
63.999999999999986
118.2
59.0
11.0
85.2
53.999999999999986
91.6
93.39999999999999
66.8
64.39999999999999
42.8
36.8
54.8
49.599999999999994
55.6
114.19999999999999
77.19999999999999
78.8
99.19999999999999
52.599999999999994
82.6
84.19999999999999
92.0
62.0
56.6
56.39999999999999
93.39999999999999
104.79999999999998
80.0
49.39999999999999
101.6
65.39999999999999
42.79999999999999
51.19999999999999
74.4
79.39999999999998
101.19999999999999
104.99999999999999
93.0
26.599999999999994
83.6
134.6
109.8
44.8
56.4
68.0
81.19999999999999
23.399999999999995
75.99999999999999
59.99999999999999
90.39999999999999
94.19999999999999
65.0
61.199999999999996
101.39999999999999
88.4
21.599999999999998
54.8
44.599999999999994
87.0
99.4
137.2
39.800000000000004
37.2
51.6
70.6
93.2
90.6
90.0
54.39999999999999
121.19999999999999
53.599999999999994
47.39999999999999
106.39999999999999
50.39999999999999
72.6
63.99999999999999
116.6
108.99999999999999
68.39999999999999
68.0
25.0
92.6
44.8
76.79999999999998
69.19999999999999
65.99999999999999
26.799999999999994
42.599999999999994
29.799999999999994
42.39999999999999
57.39999999999999
94.19999999999999
107.0
40.39999999999999
104.0
20.599999999999998
71.39999999999999
9.2
57.2
110.6
87.8
8.599999999999998
68.8
32.199999999999996
38.0
47.199999999999996
89.6
88.6
98.0
44.39999999999999
20.4
41.8
37.199999999999996
111.8
113.79999999999998
60.59999999999999
46.800000000000004
18.4
71.8
82.19999999999999
103.19999999999999
32.199999999999996
35.6
69.0
120.79999999999998
78.19999999999999
61.400000000000006
116.79999999999998
105.0
75.8
46.59999999999999
84.39999999999999
93.6
25.199999999999996
99.60000000000001
73.39999999999999
58.79999999999999
60.999999999999986
56.199999999999996
45.39999999999999
78.2
82.8
127.79999999999998
65.4
30.4
10.799999999999999
93.6
62.0
77.6
93.6
82.80000000000001
50.2
75.6
53.59999999999999
97.79999999999998
113.19999999999999
90.79999999999998
97.19999999999999
31.399999999999995
74.0
30.599999999999998
80.0
70.19999999999999
28.999999999999996
49.0
101.19999999999999
43.199999999999996
122.79999999999998
14.799999999999997
93.4
65.39999999999999
34.4
62.2
43.800000000000004
52.599999999999994
73.4
105.39999999999999
17.8
74.39999999999999
76.0
29.400000000000002
95.0
90.0
54.8
100.39999999999999
116.0
91.19999999999999
63.6
24.599999999999998
30.599999999999998
83.2
47.0
59.2
7.6
81.80000000000001
15.999999999999998
64.19999999999999
89.39999999999999
112.19999999999999
117.79999999999998
77.6
126.0
56.400000000000006
13.599999999999998
104.99999999999999
124.19999999999999
33.39999999999999
113.2
70.19999999999999
57.800000000000004
29.8
27.999999999999996
41.199999999999996
110.79999999999998
51.39999999999999
18.2
7.199999999999999
48.0
86.0
38.800000000000004
81.8
68.8
53.8
67.79999999999998
50.599999999999994
17.8
49.8
56.199999999999996
45.0
31.4
26.799999999999997
13.799999999999999
18.0
10.0
41.599999999999994
63.599999999999994
103.2
101.6
62.800000000000004
57.999999999999986
122.19999999999999
88.4
104.0
52.99999999999999
93.80000000000001
65.39999999999999
37.0
23.199999999999996
93.2
69.6
40.199999999999996
20.4
48.99999999999999
89.19999999999999
94.19999999999999
55.8
82.6
67.19999999999999
21.4
71.8
34.0
45.599999999999994
135.79999999999998
83.6
8.399999999999999
107.19999999999999
50.2
125.0
36.199999999999996
38.79999999999999
87.6
85.4
48.0
106.0
48.199999999999996
47.39999999999999
106.6
118.19999999999999
27.999999999999996
72.19999999999999
57.0
68.6
61.399999999999984
57.8
24.4
125.8
36.599999999999994
83.19999999999999
61.39999999999999
46.599999999999994
108.19999999999999
60.8
35.99999999999999
71.0
126.0
30.799999999999997
74.0
58.19999999999999
113.19999999999999
49.0
104.99999999999999
91.0
99.19999999999999
51.8
54.39999999999999
42.39999999999999
78.80000000000001
102.79999999999998
65.79999999999998
21.8
132.4
112.6
99.19999999999999
95.6
34.8
48.4
23.000000000000004
122.19999999999999
96.0
84.0
115.2
24.599999999999998
38.8
99.0
57.0
68.6
117.0
126.19999999999999
41.99999999999999
126.6
90.79999999999998
92.39999999999999
59.60000000000001
94.0
20.4
107.19999999999999
50.39999999999999
86.39999999999999
101.0
116.39999999999998
8.2
112.79999999999998
61.2
21.599999999999998
73.99999999999999
70.0
84.6
139.2
24.599999999999998
75.4
73.8
48.199999999999996
76.6
40.199999999999996
84.4
56.0
87.0
36.79999999999999
60.999999999999986
64.79999999999998
59.6
93.8
54.999999999999986
14.599999999999998
15.8
59.8
111.19999999999999
27.799999999999994
95.19999999999999
84.4
108.39999999999999
88.79999999999998
103.6
115.6
28.199999999999996
88.39999999999998
25.2
57.999999999999986
106.39999999999999
99.6
40.8
57.59999999999999
78.39999999999999
68.19999999999999
67.0
119.39999999999998
63.8
13.2
92.60000000000001
58.199999999999996
69.8
27.6
64.19999999999999
20.799999999999997
19.999999999999996
41.199999999999996
80.6
92.2
48.4
63.399999999999984
86.8
63.99999999999999
52.199999999999996
70.4
114.99999999999999
120.19999999999999
74.39999999999999
73.8
62.8
101.4
76.8
56.0
40.39999999999999
81.6
62.199999999999996
83.2
52.0
64.99999999999999
71.79999999999998
24.999999999999996
59.8
119.0
67.79999999999998
50.2
68.8
55.39999999999999
28.6
9.6
84.0
56.19999999999999
64.99999999999999
74.4
93.8
74.6
68.19999999999999
87.0
46.599999999999994
128.2
103.39999999999998
57.4
103.2
57.4
41.19999999999999
103.2
50.0
12.999999999999998
55.6
25.0
118.6
65.4
128.6
79.6
23.799999999999997
31.199999999999996
48.39999999999999
68.19999999999999
110.79999999999998
104.19999999999999
109.79999999999998
75.19999999999999
71.4
107.80000000000001
88.6
65.39999999999999
78.80000000000001
99.6
81.19999999999999
87.19999999999999
106.6
29.000000000000004
39.6
54.99999999999999
94.6
110.79999999999998
66.8
29.599999999999998
121.8
39.39999999999999
76.0
94.99999999999999
68.39999999999999
78.4
124.39999999999999
88.0
45.8
64.8
62.39999999999999
15.8
19.199999999999996
47.39999999999999
62.0
85.0
53.0
42.4
45.39999999999999
20.199999999999996
83.6
52.199999999999996
87.39999999999999
122.39999999999999
59.59999999999999
93.0
66.8
77.79999999999998
78.0
81.6
101.2
84.0
88.79999999999998
90.4
102.39999999999999
90.8
125.4
68.0
93.19999999999999
33.4
99.0
72.19999999999999
32.0
81.39999999999999
60.6
15.2
63.199999999999996
93.6
46.599999999999994
58.4
17.599999999999998
59.79999999999999
114.19999999999999
115.8
106.79999999999998
88.6
55.400000000000006
21.4
53.8
124.6
114.6
115.79999999999998
54.199999999999996
85.0
24.0
108.39999999999999
125.19999999999999
114.0
85.39999999999999
119.19999999999999
94.0
37.199999999999996
74.39999999999999
29.799999999999997
74.8
124.6
99.79999999999998
22.199999999999996
100.6
31.199999999999996
52.199999999999996
8.599999999999998
107.6
82.0
35.8
85.6
39.199999999999996
34.99999999999999
68.39999999999999
68.0
79.0
132.4
85.19999999999999
54.199999999999996
40.599999999999994
82.19999999999999
90.19999999999999
118.79999999999998
107.19999999999999
98.19999999999999
113.0
97.19999999999999
19.799999999999997
98.39999999999999
73.19999999999999
69.8
15.200000000000001
101.8
40.6
65.0
48.39999999999999
74.6
94.0
65.99999999999999
90.79999999999998
96.0
61.199999999999996
57.4
82.8
66.0
56.39999999999999
101.4
118.39999999999999
74.6
108.4
102.0
103.0
110.39999999999999
74.0
30.399999999999995
22.2
88.99999999999999
70.0
127.39999999999999
53.59999999999999
49.199999999999996
56.19999999999999
5.4
65.4
113.0
60.2
89.19999999999999
85.39999999999999
122.0
75.39999999999999
79.79999999999998
73.80000000000001
94.0
46.0
34.6
98.8
37.99999999999999
44.199999999999996
32.2
25.199999999999996
4.4
78.4
126.6
63.39999999999999
81.79999999999998
103.6
25.999999999999996
82.19999999999999
62.6
63.0
11.399999999999999
115.0
95.39999999999999
82.6
16.199999999999996
41.99999999999999
84.0
79.80000000000001
131.39999999999998
91.6
24.0
83.8
67.39999999999999
93.39999999999999
49.599999999999994
116.6
72.0
50.6
33.599999999999994
25.2
57.0
61.0
65.8
18.4
69.80000000000001
45.599999999999994
59.4
124.99999999999999
129.79999999999998
79.0
51.39999999999999
39.2
94.4
40.4
13.599999999999996
24.999999999999996
51.79999999999999
75.0
121.19999999999999
75.19999999999999
23.4
60.6
38.599999999999994
100.2
106.8
86.0
55.199999999999996
66.6
116.79999999999998
67.8
57.0
90.19999999999999
73.0
85.39999999999998
100.0
116.39999999999999
34.8
66.6
89.19999999999999
83.0
41.99999999999999
8.799999999999999
128.0
43.199999999999996
21.2
98.6
59.2
103.0
108.19999999999999
79.4
17.8
76.79999999999998
26.999999999999993
85.4
48.199999999999996
60.79999999999999
45.999999999999986
60.19999999999999
14.599999999999998
90.19999999999999
74.79999999999998
79.39999999999999
45.6
73.99999999999999
45.79999999999999
24.799999999999994
70.8
63.19999999999999
80.19999999999999
91.39999999999999
78.2
102.6
77.39999999999999
69.19999999999999
77.39999999999999
118.4
113.0
37.0
81.79999999999998
57.39999999999999
73.8
67.99999999999999
82.80000000000001
122.99999999999999
110.39999999999999
73.99999999999999
53.599999999999994
73.0
48.6
51.79999999999999
49.999999999999986
