[X]:
3.6497153175695463
13.519971100061113
97.76254574092245
17.860318549386644
56.30665668646695
74.68286291284643
36.906464835913425
65.98574892392428
13.362573297033077
39.187398314649926
19.49582303371319
36.02926280401423
66.81175394766883
65.41626436389424
47.625130269672354
57.72018778058222
95.98857119560019
26.438641275132447
11.505261930872868
98.65695838503521
87.43400970700851
48.61669831907891
2.9096284443077547
80.97016669371169
89.33771344258824
63.81292026762403
40.73531199000323
57.614994290940004
5.327855738274689
31.842305166212082
52.29473534864949
5.469208991771691
66.05842122012771
62.16421482550152
71.9955448285175
98.7779717262035
5.040968981247285
99.34466283799372
10.339095770471307
69.57435881160059
0.8043340105882479
19.60375480224733
24.340459171503692
78.15496301071711
19.60218480321807
51.99701923408355
48.71117813094066
26.34088112040347
4.287750928519118
96.70616353581943
7.008327187473062
71.7485242122566
33.016870540933354
20.946534108844727
1.0710168273078802
67.59004793684228
76.61628002492503
26.147181008975185
48.50010688301043
48.294719859922644
63.59906041682824
41.6863712195796
4.751933824838606
18.981326443179334
62.15347748821621
11.22974313094528
57.41566286876171
14.681250025924896
15.564189405348404
49.31815699871475
23.933130321487116
8.19732262373386
51.91287375591737
11.262813234879697
99.33678800342534
78.25998585008736
9.623455216242427
32.92321234611153
51.99476730358832
9.113718303824857
76.73792427986868
59.042167016089586
41.75501588491276
22.418584417374287
1.484849200087468
31.91185673215179
61.11565751075526
72.03786681076491
74.16962129346115
4.491224763239321
18.979333726248772
29.26146316262399
37.67441674023115
46.56162668531001
97.12150060637804
51.85304648515241
88.04943152033142
31.451216610654043
68.49676086544947
87.61617977467023
28.460724833049223
76.53665449227026
97.43412045464794
18.328784741708624
86.45958524950407
96.47110555615488
49.03313981016091
25.9964906524216
27.10241116364648
76.22028631671425
23.643955537213657
77.79093227190369
56.35117499608447
0.8863993554861005
11.627539676241716
60.259779442974825
33.15242058528586
43.03606509849006
91.26711592303607
30.65701156542724
86.4967831221698
93.93127837913124
8.359964525562757
50.396877357756054
68.53552829032142
32.301630716586324
2.9481638890779593
75.32840585687948
11.201625856952614
75.5389411197998
11.804481418061275
44.466507767254335
96.60666264271465
26.35798288738741
58.100454974122975
99.62588749922207
53.1905417998338
9.400234877222847
47.56100702448117
1.0422961394844221
75.06289072445418
20.25285883328832
40.37635524121126
42.073649265132985
34.0256156943494
52.016965297859194
15.649615818537788
93.89573365152272
61.56922189665487
64.94450247673184
21.483326062409482
35.96052201072774
10.228906537096915
1.1955226519893114
1.094105237325338
15.695962733467915
23.67333315262028
74.72922563340649
74.48340470808571
34.10651125174606
85.86190615789859
19.571560928496503
12.603141962436649
38.17491072253354
70.30356372951917
18.251395080980636
46.55862580534919
31.64450682650174
51.02735749128862
22.646935954691937
51.764680999732526
73.65759272925916
16.93603520208563
25.819853486983945
43.9980819230709
5.362804070291693
3.199932236294656
96.96892344662922
11.125378747402559
91.82113452628879
59.6974446599847
64.07968019236992
52.614644778416206
39.0870013534932
30.427703478667567
58.631194994204925
79.83553020172432
32.25668252610592
0.4233718557991817
49.92921057434984
27.237950652174302
77.85407893380558
48.264934176192234
97.00181285524117
17.266024994095176
12.519860964607975
45.41800743629704
36.01403857882728
63.403039724532505
78.91752153073189
28.373619071779398
80.11907732154356
92.20719875125715
36.463138475191705
76.35569513919108
90.08530384615574
63.15166320262681
36.58994407531786
46.29675214747557
63.70229400802183
54.962619465729446
61.55237186309401
92.06834266799241
31.759152086343256
15.053833844332754
14.00687693906606
7.880669636433191
91.92121072667038
23.051602561152528
67.91123502843686
64.97541693950954
52.764522353457224
89.93905965398244
39.977771212480704
24.20815113356958
11.108032330176698
97.73734285107109
27.54977022421736
57.49332393562055
75.0106346457872
8.550430074052928
93.4452503964089
31.07425538422568
25.640308401141898
42.70884252339048
42.60953757876445
31.923354744686762
12.14106587764171
27.541733373179067
83.6593905248682
46.71885032211044
91.10686503328517
82.35364506083995
58.480402831065305
78.76296906600615
6.227341892226201
95.08103590034969
11.906861254865442
46.152409631256766
49.97890168438597
97.1123737843729
26.95198980249479
94.23102426890951
54.266269564929914
37.167129689179234
19.236450800021732
14.491892598738087
74.28796122816253
37.22055544400745
91.70340815993131
3.272977384870479
6.611259356435307
82.09670749379751
89.22572021139605
20.322383502536745
74.60433376009763
95.14653980556945
17.9355924983853
39.611343020445446
75.14742287845421
10.432179878257964
17.635429843250925
93.78984915617194
41.94042568446466
0.15681011425969782
74.72454046218645
16.03348385240403
84.78159852736812
91.26608070196986
73.18790062889842
93.74322217339922
93.28230727457114
3.396662092329328
91.69686681263951
48.349898836693605
75.91806322594411
13.78544115461926
54.75302824770205
21.1440999721733
80.18248073153612
89.47828508011592
34.466994588708545
31.411822045941474
67.943157045478
13.805367931995228
13.550945606411036
93.7928748515903
71.67663402986439
26.21449744960358
91.18857791332195
32.58147482892865
44.07442238719996
37.84942480607163
34.10632128073425
69.08822739704567
50.60737289226002
11.005560662360537
15.636554182768291
38.07401588419101
81.20489459775654
56.888251891852995
6.932697041581171
99.03735726087365
47.27878587144239
8.603880911161943
62.05077777280812
90.78438901105895
57.051586020898824
40.74012983352012
58.20632382799536
20.065619976216166
93.59106777132544
18.680262168673025
51.767942478553344
22.88434871070614
40.350121364058765
66.70403871244599
53.3790641353312
33.45534116271649
73.31777029554468
32.308660339730224
17.326545753342792
7.229147574562889
55.106566732414244
97.70384099484893
17.345693252454865
82.46247114235878
57.91460993932973
59.048919181571094
23.385783570381193
39.322076354420275
0.6959038055977751
8.109144197083351
54.75622145551393
3.0947889509748916
86.55772758119265
16.954936395706333
50.45722486853232
52.55314406506648
57.14747983002805
67.89497742782629
72.92800431932598
10.361981367034389
88.49492534694619
22.483718997533973
56.49243916637741
62.11779054140377
54.46264745989211
28.260369136761533
61.414310490094216
73.39676784506287
4.298265514567534
16.602100729167745
0.3888670048543874
94.27495294274337
12.934586608520348
3.5463952912922148
21.275896130687812
28.536586813213493
53.88944353564846
92.9211113603322
63.557491084027696
91.06662273593847
80.57004267646006
8.994467437534459
25.38767232369612
42.330393864095214
91.31693541618993
42.36361813872161
11.255522963771082
14.052041241472345
5.7531541579235785
76.09037924932554
85.33600493954508
5.223804910816066
92.93456176207592
13.191042855822733
82.75850243620947
28.874676732193716
4.470843533415558
26.442688638011614
82.5632114897455
85.5789477984346
96.93347440691068
76.87807345007366
27.588729351790054
16.46980488254155
80.44249325950975
66.52319911222826
21.36925011466425
76.7217903565653
7.664641885554024
1.2068389757265763
55.12312133306217
89.69409024087125
73.47597955588732
50.27862412384532
49.8787788685379
17.922095920393964
68.97081894571696
31.712001113068823
57.99426560525636
48.66673097881562
52.864696360425825
17.430357294046594
20.432594770824497
87.44358694311197
65.45154738251296
88.70579539090214
40.95319901177671
6.797268975872129
73.62252066994148
0.42420675915099126
88.91724552546403
84.55536861784951
19.762480842722084
79.02498345768358
67.21325870154105
31.887139025314216
81.69712096686051
97.50451302166555
79.04737934437314
81.48537461473283
75.58512376649357
85.88008563872867
93.39603347368192
47.77148333632897
9.70587685684916
67.93719226478593
92.68077077634203
58.37213414042562
77.1789307791747
77.37906033775563
2.0499822923659483
49.621721400619855
44.677231344400795
40.91686339149806
75.72866517853657
10.755476596678948
84.8516252706473
51.630283575230585
67.80511394613858
99.46900973898879
25.490701462465438
1.084986774319141
65.7587075387771
62.73624556834198
85.85014069015854
4.668917871397804
25.72279388960372
43.77201718764171
31.363350007434676
56.68757934245849
78.73678116020918
21.94355596445736
93.99182039127072
20.893569750718633
92.06417779184959
82.67317124698155
20.196863677746567
66.53175152024757
65.12206984604562
52.35427346368991
38.178803340118165
2.9805678487837994
33.97279200200214
43.22503035762561
44.969432754666336
4.560340346224634
3.5068966691980896
1.9609043990311492
20.977562534482875
11.286861711976071
64.58493555548368
45.40091464308704
68.55665840372993
48.192214661527956
13.291672344841054
91.43692621101638
47.87958261786811
19.339284051596483
59.14707961764487
63.44848887138733
11.374907644876531
22.66433879369625
68.05459694645496
70.87253913398297
93.3233346902591
0.4282274696294164
76.00278374265079
[Y]:
7.207752834999197
20.44988198278228
118.06269387726084
58.35560644679251
82.93184320002123
109.4958963739063
41.49772634504936
93.38658579114909
50.82051656484175
57.93493298959643
60.26345037704046
65.55396849452192
80.18151369318905
83.28447201133258
76.42613910796831
61.10185678395942
105.13297953326506
47.7687213370929
14.277744786972187
120.17533494002454
86.97251672903495
52.472826374252364
37.05396725384829
86.82162664367067
81.71161178139162
96.22582883837362
43.63601910066799
91.95536514242019
33.99969308616973
37.37587253667222
76.26988473550705
38.485809957857704
61.196138675531216
96.48555351787962
87.02637495772318
93.25907349712384
22.408357751639315
100.30744391304604
27.612561756295
85.28319743685202
14.672377228859576
19.822828793792933
58.52116438009497
76.44192523060235
29.846883364810147
48.54087688809147
57.788536937176744
49.4242967752531
42.21728653882513
97.93279454108918
14.153512567098968
75.03502925552856
34.50997232473476
43.26171478178802
5.7587039824718325
103.98414268421072
70.26232170549473
57.095984773340845
45.39365577212566
45.64469734570072
94.7256852895952
79.3631639556121
14.302208012498292
55.87739439637339
65.96359730953813
39.31139173957326
77.39160034877551
26.289821853954425
57.59675990022029
87.10355094554187
42.026642323979566
38.76166275485332
73.7467598302778
23.649118636367813
109.88993423772396
78.28000536345183
8.661109694618185
49.68182625178747
64.66677624174625
44.817097599184024
92.60218614700145
83.65024291926534
76.80960478828754
62.02215583362732
34.8998861453419
40.48969820649643
84.20871468140224
106.24362009332481
75.03456715684231
29.759606053805356
42.79890412051387
47.69392166971089
61.80392830486835
67.62296778366897
95.69125853846752
47.10363173099124
120.65402833193467
39.20334230844033
85.18513907402416
119.39232197213147
35.64011991988785
73.67777788093798
111.66465259865684
39.59807066830333
89.14676397775942
106.43904024647243
55.02707318799651
62.191042184691426
55.77624244077468
100.41821997288974
59.63787068665021
70.88361883342145
73.81822189724159
14.746236039267643
40.97707831340225
82.56664463169172
32.88840778723574
67.06530172165543
94.78121126700042
36.74499819031993
104.43638836555093
116.79400272341908
14.06231648831749
84.15139021949244
82.16880049593044
67.86566824243968
43.626997569452485
78.25692273568914
32.747737777668846
105.03568802791554
50.29001366247527
80.55761716545716
117.89417887758196
39.414220795395096
83.67448187020352
103.17588547427596
80.99911959075953
42.45962314911781
77.67609787035843
41.03993680611017
95.017664996315
59.20122301924181
79.4918192581428
53.55832053536611
46.315090321660875
50.73827781725988
28.03313085601416
120.68502151775803
83.74514284000375
91.57768419996776
45.0524972230585
32.36446980965497
46.25665690348294
25.48580447061815
10.138382495028216
25.89539360768094
27.408458358315194
68.56397275312804
110.62405367268387
70.36184051279157
95.14720121062548
30.69110166626887
52.316477835475304
46.562336692194066
76.78579408154334
41.271979551064405
61.95369836510137
30.659505615621903
89.51361117756649
29.10004024630409
73.61338634971145
105.95781384255338
21.34489020283401
52.44249106000806
73.16179559602699
9.185422606803197
22.49498425859822
109.50241571402374
25.704877069408724
90.04914927767905
64.62494755283791
88.61989467227171
53.89152871588559
77.89551086484246
43.07696932754723
58.87053401574138
113.69740703954236
32.518133428327864
11.714171923425011
56.70531666447467
53.71877850867938
113.2217705814777
49.54089927952995
110.40379597048263
51.282393831719176
23.90868180441513
64.85015088214104
50.28412038946131
64.4728639560984
98.05094282761087
42.97185293876415
78.20962811034615
123.96012894541377
60.27788797197878
74.82258414622892
108.97372670020047
60.759505931550734
76.08404920883874
65.64102112220172
97.43393488779384
89.56822779973069
89.39654643640185
126.01460794224585
39.044594342206544
17.03556961473202
27.862335547551808
38.912564960636786
122.39507004022346
54.74585406465452
72.45324877879892
83.75948911809449
88.02583029303976
84.8681627377708
37.287663774294835
40.96649137179158
52.71443874385762
97.11729634739939
40.92271929289612
83.56395382990542
101.50898294082573
28.182212101288798
107.20288975753357
52.81255382398494
38.33242386342006
68.07847108712801
42.70748276442868
40.06415652342383
35.336793373705305
56.607522323708075
80.96002009898424
56.86722169793769
98.9958844097653
94.60510558939711
60.04249075197792
74.37379131423808
16.93774495620933
125.67480259088892
24.228761854354985
79.89547937128901
60.237157818339725
126.1953370034476
65.6663307858817
110.08953571455446
56.24977081245607
37.37342576944791
36.92785096595259
24.375840592070027
76.88463267548983
35.67794937137704
89.50730565360327
28.6631834132734
25.129288772370735
81.2971649484369
98.61052375312727
53.16133670060846
70.19512964456634
106.9904906483618
47.96199553639369
75.31618910462103
102.0679822445801
49.49083217100636
37.23049168227513
87.02620360667915
66.51511614338663
23.67918339795336
73.79043483127882
29.686281769555983
94.61081423750213
119.62600354622266
107.27865052964496
126.65021970840382
86.13352601888437
38.364077325775845
110.42413337003586
63.12995419895728
91.86431119846934
38.124400806047305
50.585395105994046
27.747487862037318
103.98419494622942
98.40194224062108
43.22521217175158
70.98784948804592
68.12307965059529
52.52670141936989
23.96487819332975
123.20778796394326
94.14948344295453
65.87436745698774
84.2491695937601
46.32303322584441
83.2559695838867
71.98690313426832
34.18280830749337
102.71716483226936
51.213204229636894
50.878654665406806
56.790108411190054
61.727677640078156
77.44330408152155
94.35252624372035
38.9311694139781
126.62015244923607
74.80675946649913
12.538281657940487
85.92210270595794
95.21853683492914
72.70503224215824
54.1017126243308
58.92403986050683
45.52012132290079
116.48781317639387
22.478804578408596
81.4623397790234
43.69807824040109
74.23753003645675
99.26372533306746
68.52798275643924
71.08345711572717
97.37006565948306
57.84652733312564
33.901266740879336
35.27496584447504
70.95451488252212
97.9589244655076
36.53383885620461
91.6518198022856
63.892176092956575
70.57962303757668
40.22636056492203
42.364107028643325
32.882165607238974
38.246412276513794
75.86988286556064
33.29760266066211
94.46577080852794
54.053643353647686
79.41091414129633
80.86135152382302
86.30392339535064
95.10489144466091
105.3011842736135
29.376718370618043
119.74730309282576
25.466025830029384
53.894424510218144
70.29037800094761
66.88786838241965
36.767469476291126
69.65724595476902
66.49298095491065
39.17552040579023
22.352018860270114
33.47761227527806
103.15483321133985
25.153714672644398
14.524893015368741
40.50691134096833
32.22127654720315
84.24347051911712
99.32103642104542
69.84254891189288
110.72869348971307
96.92287249264183
45.5815516082308
23.720684880034643
52.04583109701584
122.7230020494992
49.02450368370114
10.129970667393973
44.466799405172026
30.459452614667125
94.63473498563702
78.54596402300683
19.521680827772748
117.64051734548558
39.76889180890076
84.94400965708613
33.83322715734755
8.382658123614675
51.69537301287076
109.17808188909633
107.53334562337585
100.31682379684162
101.88200818162134
47.49613092302255
47.51456647084244
94.62862854561621
89.511392017082
25.334783624154767
96.94656455956907
49.179497449343145
3.265604549924255
50.046699094110025
91.6219285756358
104.48669230345652
85.78852188638905
56.65992812924393
50.12929808797182
88.66302060674337
29.848470684824143
58.29729756568767
58.18442439461828
49.75767619615358
37.4818162823453
47.59395821546455
118.3652086350209
72.41897936923775
91.60424299937173
42.08855784284785
34.01449531694522
92.84955215854544
18.689161646106715
104.43535505674538
111.40691319874401
40.452507264861374
113.83969475861382
100.59380311196114
42.646901742112945
83.11698654596394
103.88198781059948
87.27056750103633
77.25984620244616
109.00026145912653
86.44576485629122
116.74817220286877
82.22442549456213
10.478848748580514
74.65605976328342
94.74583095191358
87.40611227470845
90.81964252460654
100.58933680311885
7.9474425840862954
58.172135985533956
50.234975780104264
66.90157976277891
76.87359654776427
13.167048091843592
94.23794841209933
51.26204405560227
102.43414251516111
99.1116864408794
48.2232451887548
9.694285983968573
60.490506467961595
100.05161044691451
99.49551123320012
31.663089428564263
64.12416456992567
65.1123192357675
37.81659268248069
59.30072940093992
80.88857061433181
44.59492434619346
101.59234423195227
29.701460134498454
118.16484145534407
87.91844084725949
46.51002044298628
103.46756580362954
86.0709262057473
48.42651580038312
59.64253687864225
24.041115887254715
47.13932878725648
53.722783729901344
56.600415570300186
4.976086100310305
5.771546368402685
41.866684239702224
51.13565846323556
32.38856015283589
80.35682661199274
84.44981261418508
68.67523087302202
71.70583632838952
43.346577503849794
110.19018682857505
80.57815527053108
23.07192427303971
69.36029774698088
80.64169427936824
41.18559937952766
39.57706026590559
97.86388837755112
65.52884479800095
98.3753677349174
16.949220708121032
75.3767436780508
