[X]:
9.270180097907637
3.3150526334044974
24.851824306357145
25.41643381227979
26.68333542338321
39.39488577343431
6.062701773629597
29.801116896393886
15.353526317594318
24.40720711186517
17.328756781285325
9.435160210593091
29.674631020137916
12.748321738794417
39.402231859766566
34.54867721920483
12.539980977579418
29.630153362501417
12.820999255909332
45.024477848972666
29.69775825199996
4.695679021801535
19.508487348084547
28.810662534714666
25.979731112799154
47.09325168733242
43.610582221457456
24.61540821126644
45.56625821266003
25.956684231621274
37.96368367604621
8.605921091843122
36.006329863743325
14.570805562596961
27.51231349930473
38.34163729345228
11.181644139525115
41.74877502557745
37.466382197705094
42.105621543429315
32.18119161102487
17.002283320923066
36.847896655731546
37.75475838643964
24.630850790644317
7.001897875875946
0.8549038466678482
37.31826480083338
20.405303287358084
40.7244691065068
[Y]:
28.394097228403968
16.9320239893942
35.007448811989384
36.823267050381965
40.57881786649945
41.993745611401884
9.815330539807311
45.56427066397939
35.61266840353825
33.73551354823847
36.95448592650609
8.92753408388785
27.14305781247819
32.396204493910204
54.641164025368866
52.88830421498771
14.773102034654015
30.590147075437883
13.718348802088736
47.06037847938641
38.93289946871385
13.379798901056795
19.73708808504643
32.467944696554206
39.9455739869738
62.87075155324034
54.06978040735
24.7692067562642
44.93264144058063
29.463474329416087
51.16702118825021
17.77079655280236
40.2517149757422
33.600550040978426
38.70955876870441
48.89184007779127
16.60182814088361
47.16347519880919
39.38631260453746
41.382178543918926
49.44989748456355
20.532733721079566
37.086116039344994
38.33818149133635
22.167765711579886
21.993744285034772
4.256532616833602
34.89410800381225
33.185029366660565
56.26706744178915
