[X]:
45.118631416798976
9.147590477715845
49.029244906511344
14.173855555018305
38.98974049260552
24.429740786382677
8.848024637065421
13.014559557766104
38.62160337928606
42.93506290834142
11.116264045037738
1.6167900163996052
45.66117876933697
41.362442250077045
33.812705639926186
45.700166307412
30.577969383458814
42.90897731808674
13.622869681784906
27.83741061362012
38.44449683962359
31.59298866075912
48.86436702258427
6.186944879782241
34.956974188764754
13.063220533945714
37.92676079412346
49.970849389703595
24.40700689584589
2.758930902255635
3.89605004005909
46.52200540073029
28.860212515487895
47.920619393979486
25.38734679859344
9.264310994917595
44.81054558270191
45.79123811134711
6.5663685267125125
34.61961061450125
0.05362909712043895
16.979597239604473
22.267323538026663
0.9552291019213344
2.563275011653171
4.534258191847118
14.271963198631699
19.105639273710544
9.640167869270472
42.913699830589444
0.30705445993250424
30.501603750595073
10.780406311453556
6.857109110194032
1.991937721938647
21.798660687027105
48.3337245606776
31.485296358303994
14.087706684156858
45.16971475451412
49.235815937995255
10.5605763592847
26.08216951830685
37.17828825976261
33.08493116302326
36.078386887543154
17.105882570663876
37.740615693859155
29.58530651796949
11.52363313008275
10.60098166949826
21.046409273543347
31.624325128223113
46.0382986201453
35.315338919443555
14.64050729439953
20.19515350725915
7.168634990360712
15.931600586216232
31.29131983693812
47.705906987160546
16.912500436387383
31.29402429089928
13.14334455632048
42.36042246396877
3.268403223731542
6.92745251324533
49.953576443904026
1.2153869311932797
43.43297283859792
18.749177752379943
46.721353660826196
46.02358480729699
16.88544653375375
14.909772559098815
5.685709772287045
35.81736679063268
14.001171577861882
39.35178683297503
37.47971837808608
[Y]:
48.016896479138225
12.155840479130866
60.2542465069607
34.55096471721984
52.09047232315359
25.473885862576946
28.88593710235411
23.918020643903375
43.04135103408473
54.76948270860777
21.773664788093782
1.8910009091137119
57.658876877857836
51.610564538753565
45.251691483971854
45.92493851456554
44.955768219275626
39.92574926934027
27.51672901599877
33.335577544985384
34.60004715566123
50.228184512386576
64.90064524932107
25.619185532091112
41.48674434003183
31.371943726484172
40.67243313002212
58.922241070063386
37.22245250865365
5.534267072508543
8.737123768301988
59.30540063481996
40.358557777623325
63.179492594868634
44.20721694208339
20.106907042985654
53.406187855053744
44.26334356069088
17.24286892724701
52.95214427075449
18.791531644633288
33.58901307851485
37.91207685274075
8.269834395748346
7.537626242736661
18.901088780700697
28.100913181160884
24.605203550358635
26.547636750860185
38.6223298475305
5.071137851833994
40.09225031180352
28.44563113753309
21.427544501566985
23.587238667448148
31.387821765884212
60.93594787877254
37.49045450390901
25.319742952009122
61.13956831370386
65.67083916754503
12.119858089480635
30.012300981787174
34.33223922249448
38.49423593380229
52.085593444721866
29.77966082728171
46.17147116638712
28.806225337942877
22.14029696463429
23.489360121878587
39.86448327518424
38.923250079898416
54.51116558875279
38.758043337164274
27.12493318428973
37.790683402466264
13.426009800989718
18.697339471135283
49.08490278223954
52.52489396423397
35.27218553303574
39.93364900936917
18.36735851599944
38.12438021757189
18.19770920375074
18.87551419818875
61.95792467932225
9.37575623080123
57.39705111760895
38.23286480049124
46.84400713263832
57.98504231202185
32.196607760187
15.598244774959271
21.6809547805129
52.28656525185651
28.293090616822116
41.51906667063447
41.14187474429662
