[X]:
83.61535577364236
24.984184567400458
0.23287835852167094
87.58916941281717
60.82729699509275
52.880683728850606
32.72086631766577
75.51503430028632
0.040694200137003644
6.37274906610763
33.65365785543738
94.97597806065987
12.780451903395306
67.64613216929651
67.01890285445073
60.724675442063
45.48002177536621
67.0625088488819
16.86627632315726
66.77943541948895
71.6980827101844
57.5300185459184
37.13770818763218
85.99239569133049
76.0878518077306
[Y]:
83.09983829465133
45.58793051142598
5.0043793605642435
92.77872909086561
61.282915710894486
85.95092605912347
39.03835736168867
98.91171336939647
17.036330659931927
26.222299194138028
39.44197985132905
86.35016004330203
18.476645022720852
95.31682060633818
89.95752538508223
66.42123504541652
43.983248858308066
86.94554151959181
25.20511626098508
101.07514194682238
94.16878725524253
54.39235605745097
71.78224807202687
109.64900830439842
96.81190975997191
