[X]:
44.15773959204865
32.865899174955146
47.526410104618414
21.86285747415576
23.17686144622133
8.982598515174
12.687528914843755
23.64439961894778
25.29557529052103
4.778193633691558
44.52824984192341
33.77985779604556
1.9228994533911192
1.816516926934919
21.17720141154417
24.435917951549175
40.37094147046495
10.229317667487054
37.30124215724091
46.17883105705463
34.21546098031786
44.39322199272336
13.84684767066992
42.7520037163366
22.797009507847772
43.58539595065379
36.66978933585955
43.40843139561744
38.943049129416806
33.957681616460015
20.667098263527212
42.90756148678775
34.71081323135905
25.69258299413917
5.466590549147165
40.109051576417905
3.0007337585073177
47.8089871088211
38.98641051660843
47.98218452626521
27.890121941212232
25.840178567625077
9.057122263792861
36.718024766433615
27.165703195141933
27.81846874310964
18.281196277794205
36.74108747552752
43.2425049982785
17.660230366117652
[Y]:
61.10057045619308
51.373803975163
46.696778143343174
26.214920142051195
40.91011044188629
29.00705359265183
14.905895178191917
26.07474849494774
35.84271459209094
21.300080150131024
51.40856211093682
41.29911937529269
5.217728662884546
16.455121642279714
40.41808609373905
32.88957351524594
36.33384732341845
30.12910082973358
37.93001688505749
52.02230541584679
50.84485002257317
47.364027997470174
32.94898793824409
38.476803344702944
35.337564965101286
54.91889255233483
36.48992955710614
50.40072550926145
54.66378946240816
44.94627996849823
28.62585600731804
50.38583248566879
44.31642873884516
40.12303057453387
21.047857585332935
47.431283671981866
8.803118903613528
54.36122565114474
43.36967745767487
59.74778205909324
29.460008690631682
27.615059654403243
12.946198875308315
33.91800207849839
38.39760949495789
44.65166711473171
33.45278252982341
50.066684607783394
39.35414439280472
19.381326484338427
