[X]:
25.388572538567537
28.708454760337492
41.3646768874656
47.79070549956451
14.868386789187198
11.779504958561132
45.37074452548293
27.485022111108435
49.41103943355549
28.106794592186528
43.570812698960694
49.49800985555209
40.456714209116775
10.853844287893416
28.639845843512713
16.31848650592373
0.4213056862589937
29.576286814506403
4.601446540884075
36.102039229043555
49.335540068269644
6.457285222408032
0.14151561035415372
9.06304557434533
41.37887969863577
[Y]:
36.798191904040934
39.35019600927983
55.971474655943936
53.472992414105676
22.97112578605796
19.755242244140433
41.26955996728871
31.710758209662668
54.931292954697554
37.065142280527695
45.31618995002157
57.189015806264834
41.205831626099844
27.63994552762083
33.18598946318058
24.712105425474903
0.3791751176330943
33.15700654836677
22.44867744966649
52.10688055207223
46.58143553321301
14.093464692894507
20.178299189605834
26.46411657978162
43.7793401440832
