[X]:
15.818632246693854
14.503357604641842
57.687778256412756
37.94193706474196
39.984915860620205
43.56355855441855
23.539040798389898
83.47886751733128
95.83915551603337
0.28957584096871436
59.912322889418924
59.279845347322656
82.12853800499423
13.31594658584544
27.70500438010648
7.667961485170749
45.59403787649031
29.226227622676703
29.35837469542174
29.579331159246713
27.471630521138234
64.71978319919565
45.786750684138035
5.386644367514116
86.93909613698843
[Y]:
28.18524564135462
20.463150048196802
81.123623352494
52.891008815492654
49.49901099953428
50.54033995218244
24.23636597902938
102.59204410990439
127.66477992806642
33.38825022778096
63.94655817062058
93.01784119881052
93.53072945042784
36.394186011088664
36.26764119530158
27.387990371294833
47.572982504152286
57.68767725390188
29.03787659200397
44.4928837118388
39.5447238770627
79.60640970262537
79.56638631888215
37.10383211296368
99.16790145228482
