[X]:
59.45004767651676
29.442430280007446
79.73557438560044
97.90257090850399
9.497800547160306
35.914297333418176
0.2468937876790367
43.01926962864672
88.74947521670857
95.1762340407843
47.76049246692157
45.694089752523595
38.12738316200194
51.405554048635814
58.31313248085386
50.84261564221245
85.0275022645061
80.8540840383109
73.35511549965267
17.34045467732669
11.574295640237686
93.95274008339719
97.97319548602346
10.792975137402061
59.599633403298455
84.79095296988017
36.77958420532291
38.97960629752393
22.863498737542955
83.47226221951858
59.02172638503025
66.50625076420104
46.30220023816638
2.1741299770231204
76.2664300188236
15.11082707268272
46.00945063900733
16.854429781351055
27.909540195373307
26.25105951496535
40.22553585425127
62.75901154815654
21.6761223209865
79.61304110050644
4.218890833149858
57.74761808576331
54.77060644482332
56.31179946135756
21.653908604586782
59.35669172354471
[Y]:
55.24860248628136
51.7798011245426
110.12032765019833
113.39392769018949
34.70141415368831
53.68147242342565
42.06763426690159
58.76827780606914
116.48927882077936
117.91446281890686
78.29152466290887
55.94493718530953
46.519561887715625
73.29017209372441
64.68673627468236
67.55284879569457
110.08827390331868
74.94812510625016
94.35244708270179
30.862555511986375
34.39081026568762
113.76208899677998
94.71422435273212
44.148979277633174
97.22865949837535
78.05541725030841
50.97311145330738
49.46601218145576
50.65355157421931
93.86830145479162
68.81158994327365
79.47067093371396
52.13333767884736
35.08434895022992
77.79347479837665
22.75343214684986
57.53643166620709
18.65610595804849
60.42566761851542
44.548668492464046
41.433661001074945
72.17514659008731
51.328472376734766
88.65144287026442
10.335350165145881
81.17747919890948
50.165325589049125
84.24414138048499
22.539747004606575
53.8569124455443
